0.2355353 -13.9181491126487 0.224286461425078
0.241948745728643 -16.6918207380255 0.215291086545206
0.248362191457286 -17.7125120187182 0.214524976440754
0.25477563718593 -17.5811126824733 0.21589512565573
0.261189082914573 -16.7354330897888 0.217445838520906
0.267602528643216 -15.5024897220754 0.219793599110147
0.274015974371859 -14.1153679270703 0.222136276509662
0.280429420100503 -12.7017339547114 0.222174247973887
0.286842865829146 -11.3787765076259 0.218715903430896
0.293256311557789 -10.1953314791908 0.214720773610688
0.299669757286432 -9.17783530771116 0.219315685668431
0.306083203015075 -8.31077976967435 0.225337250495101
0.312496648743719 -7.60939415346895 0.225617122916251
0.318910094472362 -7.02788568113282 0.227006277024126
0.325323540201005 -6.57711235326894 0.227088544144532
0.331736985929648 -6.26276685806064 0.22632986717611
0.338150431658291 -6.06958201217657 0.22739733652231
0.344563877386935 -6.01641146577025 0.22792651716192
0.350977323115578 -6.06555195758932 0.230873029155402
0.357390768844221 -6.18055327376486 0.235509842124762
0.363804214572864 -6.32274992315958 0.237158573279245
0.370217660301508 -6.4754310158313 0.240652914325896
0.376631106030151 -6.59716103124597 0.238114827604479
0.383044551758794 -6.67480718778331 0.235385692878818
0.389457997487437 -6.67675192255026 0.230061443310257
0.39587144321608 -6.64368836671532 0.220224946183994
0.402284888944724 -6.64421931911283 0.202027428642581
0.408698334673367 -6.71316165274816 0.18271373405174
0.41511178040201 -6.8542361723893 0.166472595409336
0.421525226130653 -6.98119469608169 0.161709737116536
0.427938671859296 -7.02853419683492 0.162960094369252
0.43435211758794 -6.9411179460428 0.167410190429237
0.440765563316583 -6.70991953460449 0.16936963561473
0.447179009045226 -6.37337484811396 0.172814774150655
0.453592454773869 -6.0044112059405 0.169776083210833
0.460005900502513 -5.72590085657606 0.156345333639867
0.466419346231156 -5.58075449103468 0.142649621091507
0.472832791959799 -5.5436478593698 0.132912793487448
0.479246237688442 -5.54152400682168 0.129052015808046
0.485659683417085 -5.52526590201351 0.124735198648315
0.492073129145729 -5.45373529652559 0.120600813380327
0.498486574874372 -5.32403604475998 0.117584802581203
0.504900020603015 -5.14109270721642 0.119120415731239
0.511313466331658 -4.89965742930112 0.120030195700227
0.517726912060302 -4.62668621199848 0.11997883016433
0.524140357788945 -4.32378976104942 0.117357716678709
0.530553803517588 -4.04520087623528 0.113050017000233
0.536967249246231 -3.81135838264699 0.105122648698766
0.543380694974874 -3.63484350111548 0.103325980046926
0.549794140703518 -3.5127065046409 0.101578553154591
0.556207586432161 -3.42603731591193 0.100307710449548
0.562621032160804 -3.35499622911173 0.100414907229861
0.569034477889447 -3.28396987692339 0.09632532765504
0.57544792361809 -3.21060715231723 0.0921364490419902
0.581861369346734 -3.13236852162221 0.0892602849196866
0.588274815075377 -3.06403052143085 0.0880944267538576
0.59468826080402 -3.00433290569418 0.0851530736191278
0.601101706532663 -2.94478970495711 0.0848303859771146
0.607515152261306 -2.88949493277671 0.0841891394605838
0.61392859798995 -2.82687933911294 0.0841281184066755
0.620342043718593 -2.76698356027523 0.0844931369333178
0.626755489447236 -2.70899221688033 0.0848352071173975
0.633168935175879 -2.65775848985903 0.0835432519205977
0.639582380904523 -2.60274522296281 0.0837771516066234
0.645995826633166 -2.54640269228755 0.0824189724749322
0.652409272361809 -2.49774891713458 0.0834754729190654
0.658822718090452 -2.44775521263688 0.0824867624313735
0.665236163819096 -2.39998903138183 0.0843447699446617
0.671649609547739 -2.35525348920462 0.0842940846135869
0.678063055276382 -2.29571951691976 0.0812866450850181
0.684476501005025 -2.23133458646741 0.0784496748032695
0.690889946733668 -2.17478853451941 0.0740662163345027
0.697303392462312 -2.12143589321668 0.0716174309827501
0.703716838190955 -2.06390991639221 0.0704928742447298
0.710130283919598 -2.00928421178879 0.0706641946729778
0.716543729648241 -1.96100422380444 0.0677368580318248
0.722957175376884 -1.9088488921655 0.0654421823231731
0.729370621105528 -1.85351922675508 0.0653716680260821
0.735784066834171 -1.80693073997404 0.0630181554339034
0.742197512562814 -1.77720749852969 0.0592565278429092
0.748610958291457 -1.74639492186351 0.0583060825172148
0.755024404020101 -1.72338076264085 0.0587523643633271
0.761437849748744 -1.70888807806817 0.0597953358070299
0.767851295477387 -1.69322427521164 0.0588835440998433
0.77426474120603 -1.68281774954765 0.0581242512450473
0.780678186934673 -1.67082073868305 0.0561147700201924
0.787091632663317 -1.64792931861129 0.0539869027529641
0.79350507839196 -1.63128414746487 0.0542363523457541
0.799918524120603 -1.61810473105041 0.0563339373353576
0.806331969849246 -1.60296532846296 0.0552671141748492
0.812745415577889 -1.58456504927603 0.0543701328833304
0.819158861306533 -1.55885111394046 0.0562516837918074
0.825572307035176 -1.52148763920988 0.0562545508068842
0.831985752763819 -1.47438565942921 0.0570418955841046
0.838399198492462 -1.42437237834426 0.0578125889146754
0.844812644221106 -1.36930519300249 0.0581021449988306
0.851226089949749 -1.32259539777719 0.0604206491236224
0.857639535678392 -1.27310638777429 0.0611432447866116
0.864052981407035 -1.22525865216382 0.0614937081005665
0.870466427135678 -1.1781046996173 0.0618324246482636
0.876879872864322 -1.12210025933312 0.0625553367765224
0.883293318592965 -1.06684166972122 0.0629585922105807
0.889706764321608 -1.02043240223722 0.0616393132869438
0.896120210050251 -0.984349990523409 0.0621257313456204
0.902533655778895 -0.957344626090626 0.0621681014043676
0.908947101507538 -0.943215250154684 0.0634188189623305
0.915360547236181 -0.927091975579746 0.0645719774192236
0.921773992964824 -0.921055129355471 0.0645135821054887
0.928187438693467 -0.917962687691983 0.0648231565428084
0.934600884422111 -0.905191521308239 0.0635031556971064
0.941014330150754 -0.894285244421275 0.0619840840624691
0.947427775879397 -0.884533730330023 0.0606040993947639
0.95384122160804 -0.873551266828171 0.0597437285217977
0.960254667336683 -0.862313213670618 0.0603594704805965
0.966668113065327 -0.848031753786007 0.0647156610473406
0.97308155879397 -0.823905275251458 0.0671020844610826
0.979495004522613 -0.810086515923146 0.0662854553764543
0.985908450251256 -0.790926542316962 0.0664869865361269
0.9923218959799 -0.76770686375881 0.0646382721931753
0.998735341708543 -0.742438649683284 0.0654156815421816
1.00514878743719 -0.710359876588175 0.0643824871001861
1.01156223316583 -0.686425864545249 0.0641066715717422
1.01797567889447 -0.655258270814245 0.06491218049706
1.02438912462312 -0.631773705363746 0.0634510268000051
1.03080257035176 -0.612966432299336 0.0637132015357401
1.0372160160804 -0.586882155806621 0.0624803274242005
1.04362946180905 -0.567785923288101 0.0602934570389401
1.05004290753769 -0.552474399466554 0.0570460965682223
1.05645635326633 -0.547979068536894 0.0555502751018755
1.06286979899497 -0.550813680986048 0.0563966261661977
1.06928324472362 -0.546643346770762 0.0534734336507998
1.07569669045226 -0.54820607521132 0.0508290762969081
1.0821101361809 -0.539057747290883 0.0500229518797822
1.08852358190955 -0.543918043762235 0.0503504346234754
1.09493702763819 -0.535871290202141 0.0518540786351556
1.10135047336683 -0.533488033652292 0.0496189791696144
1.10776391909548 -0.521866795490698 0.046553499707413
1.11417736482412 -0.517674549649964 0.045837992152912
1.12059081055276 -0.502341308954601 0.0453399181549323
1.12700425628141 -0.487082750622267 0.0457799254248956
1.13341770201005 -0.465158185934647 0.0445540453578025
1.13983114773869 -0.443952977785601 0.0439991923472636
1.14624459346734 -0.422200751723689 0.0434195779752824
1.15265803919598 -0.395799494373129 0.0427874059880106
1.15907148492462 -0.368027324674319 0.0422384397916957
1.16548493065327 -0.341654039545357 0.0435684353373622
1.17189837638191 -0.311149251805502 0.044726067949823
1.17831182211055 -0.285687517040784 0.042589095369175
1.1847252678392 -0.249107778168881 0.0377845708147677
1.19113871356784 -0.2203700636048 0.0325159089226044
1.19755215929648 -0.192473612215071 0.0287482622694071
1.20396560502513 -0.186154659622961 0.0276878662651897
1.21037905075377 -0.179961199975235 0.0273887438676047
1.21679249648241 -0.182223816876477 0.0275768808741183
1.22320594221106 -0.186246409376833 0.028378848604155
1.2296193879397 -0.187208002213096 0.0288108892297969
1.23603283366834 -0.197520930532688 0.0306464585036015
1.24244627939699 -0.202842751565268 0.0311088168527649
1.24885972512563 -0.208452485954678 0.0323615725370092
1.25527317085427 -0.212695743159193 0.0301893264597362
1.26168661658291 -0.217792608477466 0.0298019206231075
1.26810006231156 -0.216645134287389 0.0290024141498085
1.2745135080402 -0.216460998221664 0.0276282558668953
1.28092695376884 -0.210560359021657 0.0246111277999067
1.28734039949749 -0.199135877944434 0.0258388350297954
1.29375384522613 -0.188759062533693 0.0257723888634636
1.30016729095477 -0.177335045508899 0.024853738875336
1.30658073668342 -0.157179529265904 0.0241930945804218
1.31299418241206 -0.144520816612011 0.0238266787190915
1.3194076281407 -0.127956317289048 0.0228048925589884
1.32582107386935 -0.110385492708358 0.0236377521512766
1.33223451959799 -0.0819031668415817 0.0241696224085695
1.33864796532663 -0.0504496286830442 0.0245143636014777
1.34506141105528 -0.0213702854690151 0.0219086279800105
1.35147485678392 0.00319451150457977 0.0214242562526243
1.35788830251256 0.0173945344517044 0.0205391142321049
1.36430174824121 0.0209300207053714 0.0187795360451994
1.37071519396985 0.0273996980693557 0.0197590461945853
1.37712863969849 0.0275860098887401 0.0187678345065849
1.38354208542714 0.030573804769194 0.0178468223873495
1.38995553115578 0.0310154158746448 0.0128384954322428
1.39636897688442 0.0255051002308021 0.00905130431394287
1.40278242261307 0.01936892363588 0.0079233614478681
1.40919586834171 0.00938833465038656 0.00726180922568364
1.41560931407035 -0.00105743606702528 0.00567498178459262
1.42202275979899 -0.00903801523776244 0.00336041727477729
1.42843620552764 -0.0129556417277047 0.00713543979613484
1.43484965125628 -0.00702551728404591 0.00569382038144208
1.44126309698492 -0.00118634889950016 0.00485839366527507
1.44767654271357 0.00410155197842657 0.00598444779069124
1.45408998844221 0.0132567561716429 0.00779413878746136
1.46050343417085 0.0272810888968734 0.0123287300785279
1.4669168798995 0.0474459170625375 0.0162202703644695
1.47333032562814 0.0767110217932956 0.0198599026344901
1.47974377135678 0.094872771774674 0.0213650357752397
1.48615721708543 0.118769750544366 0.0290623245275408
1.49257066281407 0.12717800765797 0.0377692226054334
1.49898410854271 0.121326218142243 0.0446874843555358
1.50539755427136 0.128575276122752 0.100403178288996
1.511811 0.153400537360406 0.103771516628382
