0.2715751 -6.67154706263147 0.107840024812874
0.276555913567839 -9.60861811311379 0.102814218484132
0.281536727135678 -11.4655992891596 0.104333019739069
0.286517540703518 -12.490377782513 0.102741160992783
0.291498354271357 -12.8454487767488 0.104370127454113
0.296479167839196 -12.69640636007 0.104927916950038
0.301459981407035 -12.181643179052 0.10533367824725
0.306440794974874 -11.4102093669955 0.105065211238162
0.311421608542714 -10.4612695098565 0.10624701186309
0.316402422110553 -9.39762736170142 0.107584137738537
0.321383235678392 -8.27686753551435 0.109959210901183
0.326364049246231 -7.12980719125253 0.107927266198034
0.33134486281407 -5.98110675339114 0.107069666916924
0.33632567638191 -4.86508124734474 0.109385465210062
0.341306489949749 -3.79106490600154 0.108437431914639
0.346287303517588 -2.77504452730589 0.105736889623219
0.351268117085427 -1.82636647031752 0.105129047102875
0.356248930653266 -0.946562133182152 0.105788566553587
0.361229744221106 -0.139682564810224 0.103426189272831
0.366210557788945 0.59633979499436 0.102766303146303
0.371191371356784 1.24691120056195 0.103553283882536
0.376172184924623 1.82032867863454 0.106083823068203
0.381152998492462 2.32638574553835 0.103521238284794
0.386133812060302 2.76066854140605 0.0978840216040526
0.391114625628141 3.08725750814372 0.0930504039968055
0.39609543919598 3.35691446410025 0.0857172310463055
0.401076252763819 3.55778733225911 0.0803633627973881
0.406057066331658 3.68550138166422 0.0806826938223971
0.411037879899497 3.77688589793507 0.0805366802462744
0.416018693467337 3.79857610601523 0.0862943670650182
0.420999507035176 3.71546711322139 0.0888303999671264
0.425980320603015 3.59962290749798 0.0857566638218228
0.430961134170854 3.45085173430768 0.0808563394491853
0.435941947738693 3.23554017432439 0.0700338348745352
0.440922761306533 2.99745080806287 0.0617314348722573
0.445903574874372 2.73228334650853 0.0603970514098036
0.450884388442211 2.42452727468739 0.0597411370552186
0.45586520201005 2.10480289650567 0.0583517784897415
0.460846015577889 1.78772447466604 0.0563147787346622
0.465826829145729 1.45135568752112 0.05474078709268
0.470807642713568 1.10734395122615 0.0543094687391689
0.475788456281407 0.773564621514587 0.0556312206175712
0.480769269849246 0.442935949164676 0.0547407231488176
0.485750083417085 0.128275417460167 0.0542444555292224
0.490730896984925 -0.180625947277014 0.0535494745997676
0.495711710552764 -0.471134231426835 0.050994726788578
0.500692524120603 -0.740683897073724 0.0482876009768593
0.505673337688442 -0.997041831616017 0.0465932601163024
0.510654151256281 -1.23003673735548 0.0462548943631584
0.515634964824121 -1.4397479969879 0.0455927265209665
0.52061577839196 -1.63092815499182 0.0430994345680564
0.525596591959799 -1.79511788923771 0.0426511368304366
0.530577405527638 -1.93694559634521 0.0402017405748561
0.535558219095477 -2.04389816357735 0.039626944249866
0.540539032663317 -2.12707244920436 0.0421333168913157
0.545519846231156 -2.16861037995101 0.043773234414855
0.550500659798995 -2.18123232275057 0.0452450312355767
0.555481473366834 -2.16616860520194 0.0465091112685989
0.560462286934673 -2.10253629191402 0.0495107107377999
0.565443100502513 -1.98923504640316 0.0505407137351209
0.570423914070352 -1.83688244811199 0.0522661205526811
0.575404727638191 -1.64925362761123 0.054328257921924
0.58038554120603 -1.43334641710225 0.0532921413017882
0.585366354773869 -1.19603117299475 0.0510875887304033
0.590347168341709 -0.958380490530752 0.0519690221477705
0.595327981909548 -0.723153293607325 0.0539366639272572
0.600308795477387 -0.505993990050235 0.0538141606735135
0.605289609045226 -0.316470233777867 0.0527870386741471
0.610270422613065 -0.152864950596991 0.0559938527189192
0.615251236180904 -0.00167062045589469 0.0545321032661978
0.620232049748744 0.129121634891262 0.0523944349727555
0.625212863316583 0.228400255145495 0.0506020634869241
0.630193676884422 0.308589706834511 0.0502666359296262
0.635174490452261 0.368571606701694 0.0493262017662159
0.6401553040201 0.403104535641679 0.0482294863144072
0.64513611758794 0.423084945882428 0.0468240520361877
0.650116931155779 0.429315475809761 0.0447207178355959
0.655097744723618 0.416427293409928 0.0412794108898817
0.660078558291457 0.399797831680568 0.0411040637001655
0.665059371859297 0.37515102289569 0.0414698067431062
0.670040185427136 0.349742373373103 0.0422026427715507
0.675020998994975 0.309658607048677 0.0444542745228594
0.680001812562814 0.274346708622218 0.0417481145547578
0.684982626130653 0.231830408823767 0.0392885509939663
0.689963439698492 0.189497924395193 0.0397272089171841
0.694944253266332 0.138753935955388 0.0417639118711613
0.699925066834171 0.0954184009276736 0.0412269252359309
0.70490588040201 0.057217909584939 0.0388112543750285
0.709886693969849 0.0194498779859371 0.0382003199689848
0.714867507537688 -0.0119207209963331 0.0362300025640862
0.719848321105528 -0.036772898894315 0.0381998749490435
0.724829134673367 -0.0755180766505989 0.0379335368001278
0.729809948241206 -0.109130590013036 0.0379772696878792
0.734790761809045 -0.131149330090606 0.0379258869437829
0.739771575376884 -0.154016772339349 0.0384125496715959
0.744752388944724 -0.176896898640593 0.0337981246016085
0.749733202512563 -0.185426738146864 0.0316903297778483
0.754714016080402 -0.186509368776229 0.0294864727840808
0.759694829648241 -0.193055449028144 0.0270095469116942
0.76467564321608 -0.191429423442829 0.0254703220696024
0.76965645678392 -0.186911000777228 0.0286304590156639
0.774637270351759 -0.168520714499384 0.0274520141828588
0.779618083919598 -0.149516641843087 0.0245434422112696
0.784598897487437 -0.140200440513323 0.0224614041498316
0.789579711055276 -0.126338744490491 0.0204333726846975
0.794560524623116 -0.11045579128048 0.0191536139214984
0.799541338190955 -0.0903942004475737 0.0192433726175856
0.804522151758794 -0.0722273869960961 0.0195643438837436
0.809502965326633 -0.0447377756603297 0.0171692885374863
0.814483778894472 -0.0193210020515086 0.0168734175454523
0.819464592462312 -9.58857209017436e-05 0.0173452635212486
0.824445406030151 0.0244843349304115 0.0187352260921657
0.82942621959799 0.0503012360188017 0.0214426162098987
0.834407033165829 0.0729616124252205 0.0228784326703149
0.839387846733668 0.0872537598112121 0.023709935784395
0.844368660301507 0.101283980123823 0.0260658943822787
0.849349473869347 0.110360101760806 0.0263413969025285
0.854330287437186 0.118578183400711 0.0252794526768678
0.859311101005025 0.117046974540018 0.0239606060473895
0.864291914572864 0.118436708632624 0.0226152204252336
0.869272728140704 0.108619823591022 0.0239423639186463
0.874253541708543 0.103991404410296 0.0253732394653427
0.879234355276382 0.088365597400563 0.023898637353832
0.884215168844221 0.0629513486215586 0.0241198570985231
0.88919598241206 0.0488502158371819 0.0207020887604927
0.894176795979899 0.0332366995808127 0.0185792424033196
0.899157609547739 0.018731326269042 0.0177149111695923
0.904138423115578 0.00904587535220928 0.013861397055999
0.909119236683417 -0.00148678502074083 0.0158655016214124
0.914100050251256 -0.0110301065979498 0.0132138346663082
0.919080863819095 -0.0138374289743504 0.00731817206642658
0.924061677386935 -0.022840766324801 0.00731973001176078
0.929042490954774 -0.0219971946662633 0.0090722136972099
0.934023304522613 -0.0199023353021469 0.00832839602354825
0.939004118090452 -0.0166060742229983 0.00649375044938053
0.943984931658291 -0.0152135639857949 0.00512373326032999
0.948965745226131 -0.00997653734262592 0.00521780964594512
0.95394655879397 -0.0118622935744742 0.00365944457641105
0.958927372361809 -0.00860065231094493 0.00404960547622834
0.963908185929648 -0.00704520934698567 0.0045223967930585
0.968888999497487 -0.00173758172234331 0.00832825264600276
0.973869813065326 0.00557600305353961 0.00795141231291596
0.978850626633166 0.0106862138064189 0.00918000441754506
0.983831440201005 0.0231247756624737 0.0122514012507031
0.988812253768844 0.0322126171893468 0.014368381407141
0.993793067336683 0.0422133233692558 0.0152615052140918
0.998773880904523 0.0465980584579935 0.0154291705508634
1.00375469447236 0.0538242230828553 0.0161686876558769
1.0087355080402 0.0644188278214315 0.0185421333174063
1.01371632160804 0.066518256670424 0.0197720227639682
1.01869713517588 0.0637410828098447 0.0206294129971203
1.02367794874372 0.0613267522035767 0.0223640666949627
1.02865876231156 0.0540050170250837 0.0234737038513786
1.0336395758794 0.052693773660431 0.0242744524122966
1.03862038944724 0.0610948097917875 0.0285382754916189
1.04360120301508 0.0674535923255891 0.0296384087176523
1.04858201658291 0.0714623255653988 0.030308581292508
1.05356283015075 0.0697866831005853 0.0308964462166101
1.05854364371859 0.0724483846840851 0.0321933943018706
1.06352445728643 0.0774311062024754 0.0339623002640767
1.06850527085427 0.0834251432631642 0.0351186494124664
1.07348608442211 0.0940596146698944 0.0339756935558112
1.07846689798995 0.11060025301532 0.0318715618463269
1.08344771155779 0.120613876081616 0.0351229359700398
1.08842852512563 0.12106752576475 0.0383463656905516
1.09340933869347 0.122274368011945 0.0406187146026627
1.09839015226131 0.119659858699982 0.0427273513099429
1.10337096582915 0.108834284582596 0.0412456947168025
1.10835177939698 0.1029611224614 0.0419069694844963
1.11333259296482 0.119936486268983 0.042105857455799
1.11831340653266 0.131883452690422 0.0426433827115869
1.1232942201005 0.13378057003928 0.0435086366037307
1.12827503366834 0.121831337138451 0.0444333858569748
1.13325584723618 0.124062540281758 0.0452614119502911
1.13823666080402 0.123539218216799 0.0429201831939425
1.14321747437186 0.122296851552517 0.0412085895056552
1.1481982879397 0.120264516165469 0.0388379622245276
1.15317910150754 0.114758997365931 0.0375665730255855
1.15815991507538 0.111161006833158 0.0392475126218213
1.16314072864322 0.108951313460629 0.0410797365475633
1.16812154221106 0.105458603398119 0.0426736841140392
1.17310235577889 0.0982516537196179 0.0451682049352804
1.17808316934673 0.0873714941770258 0.0461082577335576
1.18306398291457 0.0714496923724415 0.0452688082757364
1.18804479648241 0.0612896153570944 0.0451951141605226
1.19302561005025 0.0506839345115437 0.0466322996716624
1.19800642361809 0.0495171388707423 0.0450846200790615
1.20298723718593 0.0433580161401855 0.0456338245874113
1.20796805075377 0.0388512389963724 0.0477207798695539
1.21294886432161 0.0328432097942292 0.0475310643645244
1.21792967788945 0.0368470807475022 0.04547988449219
1.22291049145729 0.0356311847344455 0.0485177774218966
1.22789130502513 0.0444202614562876 0.0499638581748443
1.23287211859296 0.0374781901247769 0.0552387955782209
1.2378529321608 0.0475636569468413 0.0563408694311254
1.24283374572864 0.0535958207745224 0.050280648406457
1.24781455929648 0.0262500880145351 0.0463834380686313
1.25279537286432 -0.0186918666453775 0.0469475018141293
1.25777618643216 -0.0174713122730455 0.0613959627932465
1.262757 0.10729842782455 0.179627176558239
