0.3381281 7.1220177866665 0.151873632040208
0.342510205025126 6.16393770038538 0.116085045352105
0.346892310050251 5.23306074031795 0.103805233348693
0.351274415075377 4.38931121791999 0.0961114673095827
0.355656520100503 3.5599213212095 0.0966784667943051
0.360038625125628 2.77886632236748 0.0975928927588452
0.364420730150754 2.03312557805226 0.0990413622546166
0.368802835175879 1.34608040408089 0.0973260365771474
0.373184940201005 0.701010841522293 0.0963803866860523
0.377567045226131 0.106387218986377 0.096550428932684
0.381949150251256 -0.441745092163068 0.0958581963692863
0.386331255276382 -0.93566778146312 0.0950818797532449
0.390713360301507 -1.37141353053858 0.0948385108319826
0.395095465326633 -1.75370666048428 0.0959258807258527
0.399477570351759 -2.08164750280111 0.096865814817421
0.403859675376884 -2.35904132997098 0.0972933676391769
0.40824178040201 -2.57764379078509 0.0969867808969784
0.412623885427136 -2.73271065144113 0.0938712969705884
0.417005990452261 -2.83899692295104 0.0925207699684112
0.421388095477387 -2.89207364090774 0.0933238115968878
0.425770200502513 -2.89723542786915 0.0922294556461021
0.430152305527638 -2.8599875730408 0.0930709164171106
0.434534410552764 -2.78910876489132 0.0920733663724326
0.438916515577889 -2.70017708117357 0.0903567399184332
0.443298620603015 -2.58760635595695 0.0881398521033197
0.447680725628141 -2.47282165279771 0.0861536421306482
0.452062830653266 -2.35481291254671 0.0827037089180523
0.456444935678392 -2.23450084438579 0.0782683417819939
0.460827040703518 -2.12065867496628 0.0749289894997749
0.465209145728643 -2.00512668508898 0.0756590565036938
0.469591250753769 -1.89490777675947 0.0754660180721949
0.473973355778894 -1.77596785316614 0.0749792806547214
0.47835546080402 -1.65216904319293 0.0747463223206517
0.482737565829146 -1.51752315711335 0.0745087842155383
0.487119670854271 -1.3736368208729 0.0738245487652043
0.491501775879397 -1.21357603829741 0.0735015929324891
0.495883880904523 -1.04073193223135 0.0747502335274565
0.500265985929648 -0.864975844392183 0.0751822285216456
0.504648090954774 -0.689587721776702 0.0766129383734545
0.5090301959799 -0.507905892555278 0.0788994487605656
0.513412301005025 -0.324332471405922 0.0786560487239696
0.517794406030151 -0.133238021096973 0.078437328639984
0.522176511055276 0.0446787661019107 0.0790166996629822
0.526558616080402 0.21798282688348 0.076864803313992
0.530940721105528 0.376114315744956 0.0732388198243018
0.535322826130653 0.50495487710042 0.0709862677216357
0.539704931155779 0.624683281687046 0.0692611027960857
0.544087036180904 0.714680145285941 0.065071451612983
0.54846914120603 0.787418310820226 0.0623177924491004
0.552851246231156 0.833514687373207 0.0575865015271853
0.557233351256281 0.8523224244016 0.0562897808975124
0.561615456281407 0.86636212766876 0.0550903396284514
0.565997561306533 0.850108956493671 0.0528458771153898
0.570379666331658 0.820323474837769 0.0518498935164755
0.574761771356784 0.782403236298072 0.050965191208076
0.57914387638191 0.752340537822046 0.0507891848171608
0.583525981407035 0.70272115349995 0.0521062969630914
0.587908086432161 0.650021495897212 0.0548686830352828
0.592290191457286 0.584088202911706 0.0549713886000414
0.596672296482412 0.521225000098532 0.0546753288474992
0.601054401507538 0.455506726523418 0.053172918959148
0.605436506532663 0.38931010751297 0.0499386721141805
0.609818611557789 0.327867186381833 0.0465641415718425
0.614200716582915 0.264296772427836 0.0454886910665375
0.61858282160804 0.207941006165781 0.0445935126807624
0.622964926633166 0.155536439843941 0.0437540794666057
0.627347031658291 0.0934353893452761 0.0434693681704466
0.631729136683417 0.0364590839389777 0.0452968794321644
0.636111241708543 -0.0162681918082729 0.0473463422010195
0.640493346733668 -0.0670179985633808 0.0480911107216874
0.644875451758794 -0.111929992983422 0.0495563708686944
0.64925755678392 -0.149323281236826 0.0498742148502265
0.653639661809045 -0.182977885836354 0.0503944513745569
0.658021766834171 -0.216718737213945 0.0529643205348871
0.662403871859296 -0.254564372708292 0.052009531198727
0.666785976884422 -0.279677204402373 0.0507906332384075
0.671168081909548 -0.296635467565474 0.0519966530551528
0.675550186934673 -0.308229635322395 0.0510231982688249
0.679932291959799 -0.316890228428013 0.0508156942052698
0.684314396984925 -0.32183902040047 0.0507070841084068
0.68869650201005 -0.323589351693133 0.0498625047675986
0.693078607035176 -0.317684360968797 0.0490137982022205
0.697460712060301 -0.302400034427308 0.0471516430131363
0.701842817085427 -0.282170774955747 0.0463777308263912
0.706224922110553 -0.258024738938211 0.046500807445234
0.710607027135678 -0.230984168388278 0.0461290785379229
0.714989132160804 -0.204468209283742 0.0454838736974562
0.71937123718593 -0.179930934456692 0.0464412906535679
0.723753342211055 -0.146877388100206 0.0451259865543039
0.728135447236181 -0.113783300393802 0.0430498834019793
0.732517552261307 -0.0823287563434518 0.0433058625333043
0.736899657286432 -0.0402317072119958 0.0429288338030468
0.741281762311558 -0.00209832448676437 0.0422177561499232
0.745663867336683 0.0308530764398539 0.0422125161039623
0.750045972361809 0.0526772770877871 0.0422162191940682
0.754428077386935 0.0822294941229785 0.0429912989410353
0.75881018241206 0.110358197292469 0.0431191323572404
0.763192287437186 0.122636473692255 0.0423451453045173
0.767574392462312 0.139183290802277 0.0415526092527945
0.771956497487437 0.157053804179253 0.0423048498509156
0.776338602512563 0.164876758515718 0.0419262465606657
0.780720707537688 0.178004831025212 0.0402193183086603
0.785102812562814 0.188953936901906 0.0389253421365192
0.78948491758794 0.19598267675803 0.0386932608492074
0.793867022613065 0.197885979801105 0.0364531206628792
0.798249127638191 0.200287623687113 0.0343116062574515
0.802631232663316 0.194125402186128 0.0341221314819622
0.807013337688442 0.185102480152536 0.0329271988585558
0.811395442713568 0.173005560537578 0.0326342393119806
0.815777547738693 0.154157051468511 0.0302461617584309
0.820159652763819 0.144612542739549 0.0300571889064594
0.824541757788945 0.13351793094671 0.0307960310820933
0.82892386281407 0.114272891498976 0.0318126404940192
0.833305967839196 0.101237788145365 0.0318482460623831
0.837688072864322 0.0906739139053638 0.0294158331241312
0.842070177889447 0.0825753623703826 0.0273729855891709
0.846452282914573 0.069466902033733 0.026043489510704
0.850834387939698 0.0594237587639526 0.0253198622065854
0.855216492964824 0.0417591378794575 0.0246893236094072
0.85959859798995 0.0183369581185702 0.0236566017944685
0.863980703015075 0.00294355561849701 0.0225785315534069
0.868362808040201 -0.00449554448545225 0.0230678293280192
0.872744913065327 -0.0138971464733234 0.0251255965305916
0.877127018090452 -0.0151863400154841 0.024882086612441
0.881509123115578 -0.0128588335100299 0.0238893501318828
0.885891228140703 -0.0183128268972601 0.0229770293370951
0.890273333165829 -0.0203034288303862 0.0205814397634149
0.894655438190955 -0.0276586809727466 0.019182481255701
0.89903754321608 -0.0339886965175826 0.0184785953242514
0.903419648241206 -0.0313499794152766 0.0174912924102053
0.907801753266332 -0.0348550544191527 0.016668272183473
0.912183858291457 -0.040199247472441 0.015567292849988
0.916565963316583 -0.0386413420145688 0.0144395578288452
0.920948068341709 -0.0443801136173091 0.0124975738616988
0.925330173366834 -0.0488043422765229 0.012081463368373
0.92971227839196 -0.0462585419553613 0.0102599396482237
0.934094383417085 -0.0446880564683254 0.00947013719249546
0.938476488442211 -0.0378376449122228 0.00866827935914438
0.942858593467337 -0.026435279701508 0.00793649660821597
0.947240698492462 -0.0179150170348034 0.00673941925959184
0.951622803517588 -0.0070610191057909 0.00632641460381847
0.956004908542714 0.00241056016560022 0.00639156595026196
0.960387013567839 0.00775687282703953 0.0077253826499896
0.964769118592965 0.0189969634154947 0.00848837420670663
0.96915122361809 0.0270937882893232 0.0111516116150741
0.973533328643216 0.0438906662910646 0.0113524955703075
0.977915433668342 0.0462936891424584 0.0129826423429451
0.982297538693467 0.0467516315338692 0.0130039808178727
0.986679643718593 0.0553208097645726 0.013554503868954
0.991061748743719 0.0642723609690405 0.0156897706383938
0.995443853768844 0.068765486826485 0.0188549725020605
0.99982595879397 0.0724038688771032 0.0213102403988621
1.0042080638191 0.075446456889658 0.0237583491097002
1.00859016884422 0.077756031494922 0.0265367930408741
1.01297227386935 0.0762570196020644 0.0290252897481449
1.01735437889447 0.0775813404240218 0.0301354881010819
1.0217364839196 0.0765749522778313 0.0312975549589324
1.02611858894472 0.0730448047294863 0.0328270052619487
1.03050069396985 0.0756614680728175 0.0337919311844583
1.03488279899497 0.0684130595134606 0.034035506890947
1.0392649040201 0.0692208886375827 0.0337887542702851
1.04364700904523 0.062549261802367 0.0328165263415923
1.04802911407035 0.0581706954456812 0.0337337063673689
1.05241121909548 0.052348914189477 0.0347580232596503
1.0567933241206 0.0503798961902773 0.0367203727723574
1.06117542914573 0.0406868591871211 0.0376324788557757
1.06555753417085 0.0363445358521181 0.038080795512551
1.06993963919598 0.040226865990292 0.0408414930355124
1.07432174422111 0.0359618740359233 0.039881470448537
1.07870384924623 0.0351330250921113 0.0400360101803637
1.08308595427136 0.0350997242419774 0.0407651075448901
1.08746805929648 0.0346014014594981 0.0418070906794727
1.09185016432161 0.028984360843666 0.0421152998444706
1.09623226934673 0.0233627297973125 0.0422444332509044
1.10061437437186 0.0277431982145574 0.0422926724171546
1.10499647939698 0.0307113514187981 0.042850997671261
1.10937858442211 0.0362551243056125 0.0414711213081767
1.11376068944724 0.0397930943442963 0.0411018632381676
1.11814279447236 0.0374538820832946 0.0415883081570219
1.12252489949749 0.0352013390691863 0.0423665012665545
1.12690700452261 0.0456155683635749 0.0413913601050014
1.13128910954774 0.044581939532251 0.042052861711264
1.13567121457286 0.0403565328411488 0.0418999412189301
1.14005331959799 0.0436647940568428 0.0413148152952256
1.14443542462312 0.0390648678761877 0.0409831534953082
1.14881752964824 0.047704404215087 0.0418276788591739
1.15319963467337 0.0474927975726603 0.0410822608545205
1.15758173969849 0.0547519794439929 0.0409245652030087
1.16196384472362 0.0576927738927433 0.0419757663029896
1.16634594974874 0.0576681238768756 0.0419859285087708
1.17072805477387 0.0582841952432678 0.0422043985684837
1.175110159799 0.0567163921240191 0.0432590907852099
1.17949226482412 0.0569348570305922 0.0454701428555202
1.18387436984925 0.0558756530120379 0.0472947557424424
1.18825647487437 0.0384919930794068 0.0498020317773409
1.1926385798995 0.0326659282240528 0.0447216442638034
1.19702068492462 0.0422362380580424 0.0525569633922269
1.20140278994975 0.0204763881130167 0.0568425028622191
1.20578489497487 0.0485703241686399 0.0951442994010879
1.210167 0.15081588360089 0.170283208363387
