0.235782 -10.5847500608829 0.196134071527496
0.242191904522613 -13.3620645204202 0.194227843497278
0.248601809045226 -14.4331036525481 0.190097081179023
0.255011713567839 -14.3691079250116 0.186668922402319
0.261421618090452 -13.573026383701 0.183612447811475
0.267831522613065 -12.3755698621193 0.179356983849643
0.274241427135678 -11.0262697530009 0.174370903097089
0.280651331658291 -9.67808797189873 0.176461472911046
0.287061236180905 -8.41983102543866 0.17685703467598
0.293471140703518 -7.28576841843804 0.175389186922536
0.299881045226131 -6.3131663649612 0.169959734983624
0.306290949748744 -5.51158592831936 0.16663535592832
0.312700854271357 -4.86254727750022 0.156031007170564
0.31911075879397 -4.34412106787255 0.147638461480033
0.325520663316583 -3.94411574639352 0.136174380618599
0.331930567839196 -3.6703568353544 0.126034227762918
0.338340472361809 -3.54087987764655 0.118561612543485
0.344750376884422 -3.51582046981949 0.112457951568346
0.351160281407035 -3.60343822178098 0.112606062921202
0.357570185929648 -3.75689061925177 0.109706197300297
0.363980090452261 -3.95798693839076 0.108796338076883
0.370389994974874 -4.1556983200896 0.105156853318591
0.376799899497487 -4.34060162812723 0.105083808005412
0.383209804020101 -4.47360161620304 0.106398690822506
0.389619708542714 -4.54799203186008 0.101826511700218
0.396029613065327 -4.5972648134076 0.0987542726582647
0.40243951758794 -4.66690167914216 0.101992212755909
0.408849422110553 -4.82108127713376 0.108874191856086
0.415259326633166 -5.03374337144608 0.112727739355556
0.421669231155779 -5.2230901331112 0.114040893607166
0.428079135678392 -5.30758955337112 0.118025086611563
0.434489040201005 -5.25783164216641 0.122261712390002
0.440898944723618 -5.07012499159909 0.123079707707178
0.447308849246231 -4.78029131811191 0.123494528512733
0.453718753768844 -4.45539903214002 0.122279009356707
0.460128658291457 -4.19364413352891 0.119737966818411
0.46653856281407 -4.05382312942363 0.114973677990985
0.472948467336683 -4.0268572729419 0.11112600522698
0.479358371859297 -4.04663363383805 0.10928247536892
0.48576827638191 -4.05808359182491 0.111666158196574
0.492178180904523 -4.02542814684763 0.112262357993398
0.498588085427136 -3.94215658437486 0.11332431412789
0.504997989949749 -3.79557223927832 0.113223783696197
0.511407894472362 -3.59173266365591 0.113347320213529
0.517817798994975 -3.35294147790362 0.112195077979264
0.524227703517588 -3.0918659601273 0.108891539011305
0.530637608040201 -2.86092562950704 0.102352453619482
0.537047512562814 -2.68417141798513 0.101250156002279
0.543457417085427 -2.56526068085842 0.102623191079524
0.54986732160804 -2.49640117850989 0.102819425860453
0.556277226130653 -2.45206317218818 0.10108292574161
0.562687130653266 -2.43028522608893 0.100270694981415
0.569097035175879 -2.41138591956889 0.103493537015516
0.575506939698492 -2.38335622196492 0.106602212567884
0.581916844221106 -2.35285338983354 0.106872107396319
0.588326748743719 -2.3180091934673 0.107147892121601
0.594736653266332 -2.27838312288506 0.108417402306063
0.601146557788945 -2.23993011866618 0.109049555317946
0.607556462311558 -2.20982197432183 0.10685913082458
0.613966366834171 -2.17542977970503 0.104417981985946
0.620376271356784 -2.14132714536904 0.101365133585062
0.626786175879397 -2.09489314089523 0.0983987377208113
0.63319608040201 -2.04315459923624 0.0955322109517096
0.639605984924623 -1.99369315845229 0.0951577827285922
0.646015889447236 -1.95044553242403 0.0927129885675851
0.652425793969849 -1.90850783772173 0.090616594427576
0.658835698492462 -1.86187944454495 0.0898081811691941
0.665245603015075 -1.82130469318663 0.0864262999839843
0.671655507537688 -1.7835896467247 0.0830140586712336
0.678065412060302 -1.74645368246224 0.0801324291941901
0.684475316582915 -1.71486012243795 0.0779332214465687
0.690885221105528 -1.68336164173471 0.0774301289224879
0.697295125628141 -1.6593363571548 0.076409296920694
0.703705030150754 -1.63166520235646 0.07469854380091
0.710114934673367 -1.60237425844847 0.0762506453994755
0.71652483919598 -1.58027706824302 0.0792598968884981
0.722934743718593 -1.56177686448187 0.0796049034645322
0.729344648241206 -1.52169955481416 0.0782791439088286
0.735754552763819 -1.4828368447042 0.0749527131213952
0.742164457286432 -1.4496619247224 0.0734793250863038
0.748574361809045 -1.40857754041304 0.0728646402320394
0.754984266331658 -1.37763239133779 0.0734774813961235
0.761394170854271 -1.3473668395898 0.0750724324433283
0.767804075376884 -1.33191238398299 0.0727422224856197
0.774213979899498 -1.31013037486745 0.0726586249169623
0.780623884422111 -1.28860579420232 0.0728614454958409
0.787033788944724 -1.27059896317635 0.0725510527396317
0.793443693467337 -1.2535151872348 0.0711844647231625
0.79985359798995 -1.2383860944046 0.0718380554824345
0.806263502512563 -1.22740543884997 0.0732780870820548
0.812673407035176 -1.21751437403518 0.0748274335558599
0.819083311557789 -1.19941581262679 0.0774496800436793
0.825493216080402 -1.17430335250474 0.079448882964859
0.831903120603015 -1.14923749586294 0.0800459885824616
0.838313025125628 -1.11907906074072 0.0784019762010247
0.844722929648241 -1.092085052954 0.0784578594687278
0.851132834170854 -1.0609624876266 0.077332708360193
0.857542738693467 -1.0305017112844 0.0760984753155413
0.86395264321608 -1.0092107472369 0.0732110422540222
0.870362547738694 -0.979999303459786 0.0727479894756895
0.876772452261307 -0.958839640004379 0.0707729194901345
0.88318235678392 -0.933882402169396 0.0678393266258089
0.889592261306533 -0.906794549548842 0.0679669375328294
0.896002165829146 -0.879720477322289 0.0658589400916807
0.902412070351759 -0.861046915912629 0.0655319525597606
0.908821974874372 -0.837749190067118 0.0659547940574825
0.915231879396985 -0.822531074950487 0.0659933305038244
0.921641783919598 -0.791504664513406 0.0659034503401829
0.928051688442211 -0.779730145201865 0.0663263038528465
0.934461592964824 -0.762407249650674 0.0657711412938435
0.940871497487437 -0.736061702591083 0.0656889367036649
0.94728140201005 -0.717105243024018 0.0638311734773698
0.953691306532663 -0.698551938012919 0.0635466959519705
0.960101211055276 -0.697193700554234 0.0639514296641312
0.96651111557789 -0.698176893939439 0.063134852124583
0.972921020100503 -0.682715840416069 0.062122944174783
0.979330924623116 -0.669513746232215 0.0601076841523961
0.985740829145729 -0.661034476759006 0.059681129980971
0.992150733668342 -0.652491592641721 0.0564263747531639
0.998560638190955 -0.645902160905567 0.0537466798481346
1.00497054271357 -0.641796292807691 0.0534070753754916
1.01138044723618 -0.636475402082635 0.0511417530979704
1.01779035175879 -0.631977729161102 0.0483503351608406
1.02420025628141 -0.625131643872977 0.0461866517428844
1.03061016080402 -0.620338339275432 0.0430710781304864
1.03702006532663 -0.605908581750439 0.0430394773696341
1.04342996984925 -0.598552479059865 0.0431000481182385
1.04983987437186 -0.587794220115063 0.0450592004451787
1.05624977889447 -0.577253135846848 0.0480811423489677
1.06265968341709 -0.577282325395016 0.0476549725738154
1.0690695879397 -0.564984222679704 0.0486066824841809
1.07547949246231 -0.556118265876524 0.0462731500417976
1.08188939698492 -0.525682751946088 0.0452538465791875
1.08829930150754 -0.495419893577061 0.0435211213897146
1.09470920603015 -0.470141661493132 0.0428078641677397
1.10111911055276 -0.448988382752513 0.0419753156199216
1.10752901507538 -0.427353038250615 0.0420358994675608
1.11393891959799 -0.417589714014068 0.0402286236999411
1.1203488241206 -0.396022019152433 0.0408975959356159
1.12675872864322 -0.371493866499102 0.042269111390408
1.13316863316583 -0.355674858172514 0.0406692450410936
1.13957853768844 -0.345189455856253 0.0358912637757861
1.14598844221106 -0.340102042490032 0.0317831840802035
1.15239834673367 -0.333469974771613 0.031476061276294
1.15880825125628 -0.33127749517748 0.0304619874259527
1.16521815577889 -0.327699434524953 0.02863311715153
1.17162806030151 -0.319537308194779 0.0272733680867931
1.17803796482412 -0.30165116073929 0.0266069519671678
1.18444786934673 -0.284321958569133 0.0257312911443068
1.19085777386935 -0.271533093127922 0.0270223647597672
1.19726767839196 -0.261879371821255 0.0255545525864703
1.20367758291457 -0.254246466460098 0.0219599749249046
1.21008748743719 -0.24924729951722 0.0204477532663851
1.2164973919598 -0.242171199269492 0.0177828696555106
1.22290729648241 -0.235245392165524 0.0167975734944241
1.22931720100503 -0.228058334834538 0.0163612288250116
1.23572710552764 -0.221069964224304 0.0147141070244094
1.24213701005025 -0.216066006050414 0.0139721476824955
1.24854691457286 -0.202680776063027 0.0117344919382687
1.25495681909548 -0.186851783935711 0.0104355021179254
1.26136672361809 -0.176828658968326 0.00879699926701295
1.2677766281407 -0.176982155934457 0.0103300320309693
1.27418653266332 -0.168213800407897 0.0131641585967689
1.28059643718593 -0.153978768733211 0.01124637618511
1.28700634170854 -0.142829494124094 0.0111701547623274
1.29341624623116 -0.131592835283376 0.0131206522714974
1.29982615075377 -0.113326772995386 0.0109398337915438
1.30623605527638 -0.103374908423824 0.0124807582565656
1.312645959799 -0.0941223026218837 0.0140978112784689
1.31905586432161 -0.0932931409637179 0.0175470641387862
1.32546576884422 -0.0930657206296525 0.0195797452370606
1.33187567336683 -0.0897433930057206 0.0202013345211486
1.33828557788945 -0.0804678985868527 0.0200852249350878
1.34469548241206 -0.0808785334930705 0.0170886145718643
1.35110538693467 -0.0817086552123886 0.0171439184578703
1.35751529145729 -0.0770446789404475 0.0174801573412118
1.3639251959799 -0.0607728651176418 0.014765805289951
1.37033510050251 -0.0463670305892214 0.0120215717565002
1.37674500502513 -0.0368455662344991 0.0116573890522889
1.38315490954774 -0.0177082284216525 0.0112468345962514
1.38956481407035 -0.0109301631790946 0.00963185867401704
1.39597471859296 -0.0121500858445074 0.00761218586725735
1.40238462311558 -0.0151696628286399 0.00714193529464651
1.40879452763819 -0.0139505662038872 0.00588681644396838
1.4152044321608 -0.00971720607536766 0.00493473064160064
1.42161433668342 -0.0107917819442665 0.00396246738670869
1.42802424120603 -0.00486183261753678 0.00369011226600446
1.43443414572864 0.0117094595394206 0.00503882888889917
1.44084405025126 0.020840346167385 0.00754750055472223
1.44725395477387 0.0240930453260146 0.00783669454897305
1.45366385929648 0.031085386524229 0.0119516643316061
1.4600737638191 0.0430703294556319 0.0127755795663859
1.46648366834171 0.0520563542178245 0.0160507442468813
1.47289357286432 0.0512760845818883 0.0205833889421374
1.47930347738693 0.0531317951278369 0.0230260154279324
1.48571338190955 0.0440271564525995 0.0247978240819757
1.49212328643216 0.031305339106557 0.0278058742088169
1.49853319095477 0.0465325470719696 0.0326850253278252
1.50494309547739 0.0506985762308232 0.0484026227795551
1.511353 0.0227784554057842 0.0366308990215342
