0.2719904 -6.41672071544158 0.16865915890617
0.276967091457286 -9.35205921879351 0.165001214342384
0.281943782914573 -11.1996929008324 0.164469921033891
0.286920474371859 -12.247941171993 0.163465486075434
0.291897165829146 -12.6661626765052 0.163578940721009
0.296873857286432 -12.5851533213945 0.162807016126397
0.301850548743719 -12.1051747913121 0.161831396735789
0.306827240201005 -11.3220191436318 0.160178266528617
0.311803931658291 -10.3408724861871 0.159380987833779
0.316780623115578 -9.25883580687111 0.159530267205136
0.321757314572864 -8.11715046431642 0.159120233809068
0.326734006030151 -6.97130089725044 0.155604479068026
0.331710697487437 -5.84627119516248 0.153540844189122
0.336687388944724 -4.74504621885451 0.152227145868314
0.34166408040201 -3.69132046779242 0.151781473366161
0.346640771859296 -2.68389753651787 0.154051691172489
0.351617463316583 -1.7594922737918 0.157837950591337
0.356594154773869 -0.90811618996227 0.154792654944568
0.361570846231156 -0.121320734426316 0.151488944458783
0.366547537688442 0.585123410875783 0.149562058667776
0.371524229145729 1.20188190582469 0.150594629151969
0.376500920603015 1.74426280666257 0.153106902204146
0.381477612060302 2.23668714900429 0.150908191903687
0.386454303517588 2.64484868914496 0.139550458790882
0.391430994974874 2.9842292340079 0.141071761036834
0.396407686432161 3.20789343429647 0.134675702646699
0.401384377889447 3.38285027604139 0.134641441925909
0.406361069346734 3.51658799174843 0.12410342250328
0.41133776080402 3.55639264861612 0.120490858392496
0.416314452261307 3.51941828359568 0.102626065188006
0.421291143718593 3.47361389899633 0.0987985920790939
0.426267835175879 3.38361538847865 0.0953797186594656
0.431244526633166 3.2509501159376 0.095231318582924
0.436221218090452 3.05606319521394 0.0878497219035049
0.441197909547739 2.82671637536648 0.0864899928380605
0.446174601005025 2.57199024912673 0.0833804218606633
0.451151292462312 2.2877322419413 0.0818138846476535
0.456127983919598 1.98562118921826 0.0836834896943236
0.461104675376884 1.66490232814681 0.0829052070836083
0.466081366834171 1.33934216108993 0.0833439857785041
0.471058058291457 1.01498400305007 0.0834091269468662
0.476034749748744 0.681256238787104 0.0842530856997453
0.48101144120603 0.365223486474699 0.0852118595911457
0.485988132663317 0.0585561940471352 0.0890513620516776
0.490964824120603 -0.248443830985168 0.0891445525480091
0.495941515577889 -0.534582908845108 0.0887631481454491
0.500918207035176 -0.805509772675014 0.0891527645734127
0.505894898492462 -1.06243741793004 0.089349747276578
0.510871589949749 -1.3075730164719 0.0879579142594568
0.515848281407035 -1.52750709593248 0.0873393684160823
0.520824972864322 -1.7318914006876 0.0856526943630618
0.525801664321608 -1.90907465261975 0.0840713002399277
0.530778355778895 -2.05483017289556 0.082489478109283
0.535755047236181 -2.16509543219541 0.0808026906485143
0.540731738693467 -2.23374260340876 0.077880558802217
0.545708430150754 -2.25835535115558 0.0762050775612102
0.55068512160804 -2.24268869617787 0.074559120371062
0.555661813065327 -2.18990253247378 0.0733861985053293
0.560638504522613 -2.09977325673285 0.0735175050477114
0.5656151959799 -1.96414674367432 0.07207938208583
0.570591887437186 -1.79509763149152 0.0728573951833222
0.575568578894472 -1.6043318517009 0.0721074296650978
0.580545270351759 -1.39000898251638 0.0731809494424582
0.585521961809045 -1.16698943377501 0.071779833612835
0.590498653266332 -0.938927871473798 0.0703988164932753
0.595475344723618 -0.705930649992928 0.0684535185908128
0.600452036180904 -0.482991243143371 0.0666002313070039
0.605428727638191 -0.280273754327493 0.0646862242535707
0.610405419095477 -0.0959770880900998 0.0619438776445983
0.615382110552764 0.0581337931488675 0.0615622300482411
0.62035880201005 0.181129365205457 0.0594933427148917
0.625335493467337 0.280256558619783 0.0580359769008725
0.630312184924623 0.350628636604246 0.0526590851097979
0.63528887638191 0.398012348557114 0.0519033952207351
0.640265567839196 0.429767388761684 0.0500245161935932
0.645242259296482 0.449748315520004 0.0488199858927375
0.650218950753769 0.444494834713096 0.0479084804091512
0.655195642211055 0.425447057405098 0.0455401223920874
0.660172333668342 0.398109449800236 0.0435672886127262
0.665149025125628 0.365533246648887 0.0419586545992653
0.670125716582915 0.328129651738076 0.0433508623868449
0.675102408040201 0.290228414604621 0.0429171703790024
0.680079099497487 0.255379648500326 0.041776999368429
0.685055790954774 0.212591107531029 0.0403970429831122
0.69003248241206 0.171962977648202 0.0405288544031636
0.695009173869347 0.136703772035567 0.0410300193955511
0.699985865326633 0.103272318573918 0.0415247663433518
0.70496255678392 0.0668208728886225 0.0425280027407132
0.709939248241206 0.030040508205758 0.0401779445820057
0.714915939698493 -0.00397345263794694 0.039660675281258
0.719892631155779 -0.0318157051692986 0.0388161105379712
0.724869322613065 -0.0595205968082395 0.0364179565033526
0.729846014070352 -0.0880500977160334 0.033643777386264
0.734822705527638 -0.10762378457724 0.0323591144153938
0.739799396984925 -0.123191730687777 0.0344834837640835
0.744776088442211 -0.131669003388162 0.0321972722090336
0.749752779899497 -0.14958104738244 0.0331636375456359
0.754729471356784 -0.167429273977196 0.0329619260308794
0.75970616281407 -0.176714197721119 0.0327051574112132
0.764682854271357 -0.189014446084176 0.0335685310923601
0.769659545728643 -0.185329749616863 0.0325876235415088
0.77463623718593 -0.178736571923171 0.0321481098127047
0.779612928643216 -0.173026684162982 0.0323092461736325
0.784589620100502 -0.160664179553196 0.0319422237031268
0.789566311557789 -0.148713554124513 0.0323654720884635
0.794543003015075 -0.140334588408653 0.0341932756760383
0.799519694472362 -0.11565336930593 0.0334705673517125
0.804496385929648 -0.09664887978344 0.0329144679508603
0.809473077386935 -0.0753719708082613 0.0327343194140981
0.814449768844221 -0.0524109853045415 0.0332891738460194
0.819426460301508 -0.0279763700698029 0.0335732811475893
0.824403151758794 -0.000352798788293334 0.0318342323576894
0.82937984321608 0.0214728817497129 0.030753017353592
0.834356534673367 0.0477879712339698 0.0294292703791506
0.839333226130653 0.0712747078988363 0.0284568423863644
0.84430991758794 0.0886009145556031 0.0267842355300084
0.849286609045226 0.103848701281989 0.0269544000821405
0.854263300502513 0.116657594425784 0.029169771117254
0.859239991959799 0.123440005160271 0.0318849492363557
0.864216683417085 0.116937558106824 0.0294085714290369
0.869193374874372 0.108769424435867 0.0256816674827287
0.874170066331658 0.105052501559073 0.0238077968978635
0.879146757788945 0.0981673967779887 0.0191786679809407
0.884123449246231 0.089036780193224 0.0207225488982059
0.889100140703518 0.0848526370539187 0.0190782064558451
0.894076832160804 0.0729332351829215 0.0179356106087427
0.899053523618091 0.0606131557142747 0.0185484851002547
0.904030215075377 0.0451586921732325 0.0180242061566036
0.909006906532663 0.0283179258006671 0.0173504343101211
0.91398359798995 0.0205659942886812 0.012236481222564
0.918960289447236 0.0141940888057079 0.00790033975084305
0.923936980904523 0.0105451647563856 0.00569042216695413
0.928913672361809 -0.00302212242206157 0.00548470619497003
0.933890363819095 -0.00567106728851761 0.00697968504874118
0.938867055276382 -0.0134104699115631 0.00730300812115101
0.943843746733668 -0.0173396349756371 0.00505051118528687
0.948820438190955 -0.0170517947673427 0.00575090418951595
0.953797129648241 -0.021697630170754 0.00734460102433026
0.958773821105528 -0.0212290816967327 0.00656231496149149
0.963750512562814 -0.0209991587547822 0.00802741009638326
0.9687272040201 -0.017782830813122 0.0100305982646722
0.973703895477387 -0.0113222108454012 0.00712165526720151
0.978680586934673 -0.00804223189524529 0.00613258699068103
0.98365727839196 -7.56605517392728e-05 0.00649913815837702
0.988633969849246 0.00270967173239457 0.00627028807551006
0.993610661306533 0.00884051540835576 0.00598679121369517
0.998587352763819 0.0143383959714857 0.0082619109584166
1.00356404422111 0.0249196785284578 0.00867966752030353
1.00854073567839 0.0316097386229215 0.00997811021294651
1.01351742713568 0.0422415080210054 0.0105330606294943
1.01849411859296 0.044878697726755 0.0142037423355956
1.02347081005025 0.0455450311319458 0.0165173620335904
1.02844750150754 0.0524617494812226 0.0150397642082398
1.03342419296482 0.0556813982895238 0.0171102005214944
1.03840088442211 0.0660536276078936 0.0161324511146786
1.0433775758794 0.0780954701415196 0.016496630751457
1.04835426733668 0.0898076963781274 0.015385642792025
1.05333095879397 0.0914974690210106 0.0165771601588724
1.05830765025126 0.0914251242572233 0.0202277214599353
1.06328434170854 0.0976052809743589 0.0202089347350252
1.06826103316583 0.10950958316712 0.0188848300508207
1.07323772462312 0.115225508093413 0.0192943378899587
1.0782144160804 0.114935305142434 0.022908412819666
1.08319110753769 0.099728019940423 0.0282879728281653
1.08816779899497 0.103971921278041 0.0275083362490094
1.09314449045226 0.105622797978159 0.0280912859815986
1.09812118190955 0.119941767780749 0.026471550081735
1.10309787336683 0.124967610749089 0.0289529541485788
1.10807456482412 0.120354062769984 0.0286211597931325
1.11305125628141 0.119914900887561 0.0287118249678278
1.11802794773869 0.12610121834607 0.0290792082559698
1.12300463919598 0.121933369465413 0.0321052916864586
1.12798133065327 0.119130165895814 0.0333463419771604
1.13295802211055 0.110734868804361 0.0351933878078187
1.13793471356784 0.11185424344254 0.0357134812342464
1.14291140502513 0.119077457415561 0.0364610377303404
1.14788809648241 0.115336710170551 0.0370894079607188
1.1528647879397 0.110387475982513 0.0390964009901485
1.15784147939698 0.102765653648305 0.0395856927830215
1.16281817085427 0.0910200598169256 0.0381212172035978
1.16779486231156 0.0936457426153482 0.0384194163619339
1.17277155376884 0.0921567699126208 0.040625976218749
1.17774824522613 0.0904904713934542 0.0413618935169115
1.18272493668342 0.0858322659738215 0.041224029899813
1.1877016281407 0.088493811541482 0.0415916644211201
1.19267831959799 0.0997171144508462 0.042022178550481
1.19765501105528 0.0992354681687445 0.041682938124904
1.20263170251256 0.0996486504632196 0.0433231147007839
1.20760839396985 0.0898256994547085 0.0468184900567417
1.21258508542714 0.0853548359712447 0.0472268301329737
1.21756177688442 0.0827402212497088 0.0460337454817649
1.22253846834171 0.0820888680162529 0.0454269473692487
1.22751515979899 0.0922557409453865 0.0415634656131551
1.23249185125628 0.096848173043589 0.0475638205855361
1.23746854271357 0.0953134723529531 0.0571751307345623
1.24244523417085 0.11736181948696 0.053749454946499
1.24742192562814 0.121811336775493 0.069000290338168
1.25239861708543 0.0787715615108721 0.0859284699215748
1.25737530854271 0.0423777681421262 0.114601006848844
1.262352 0.202849427246284 0.156326551502789
