0.3319879 7.84607083949228 0.175328966463793
0.336422820100503 6.92222359975829 0.215969255873278
0.340857740201005 5.90361023272817 0.166865547427814
0.345292660301508 5.03648125122135 0.142647988371821
0.34972758040201 4.16427695454515 0.140213628187992
0.354162500502513 3.33703611023684 0.118338113107398
0.358597420603015 2.57316288989779 0.110039437396704
0.363032340703518 1.84908212479055 0.108819024175747
0.36746726080402 1.17882055810964 0.107023769629874
0.371902180904523 0.556327951964138 0.105950711780787
0.376337101005025 -0.0231870038772193 0.102266200258694
0.380772021105528 -0.54752378526562 0.10161296264688
0.38520694120603 -1.02393624248308 0.10060147560793
0.389641861306533 -1.44754482280755 0.100955749086326
0.394076781407035 -1.81636460570682 0.102374701693763
0.398511701507538 -2.13178311681731 0.101721919549456
0.40294662160804 -2.39270117893164 0.0972487969117085
0.407381541708543 -2.59476672091318 0.093630202844112
0.411816461809045 -2.74289247194125 0.0888060618153706
0.416251381909548 -2.84045600946341 0.0848376573965142
0.42068630201005 -2.88894415591386 0.0819382454069404
0.425121222110553 -2.88973955887967 0.0795645381627355
0.429556142211055 -2.86320426295962 0.0787437803341971
0.433991062311558 -2.8024825637475 0.0758787051776012
0.43842598241206 -2.71957552754228 0.0740020253123486
0.442860902512563 -2.61760901922243 0.0721445450607721
0.447295822613065 -2.50926466467755 0.0742125821085139
0.451730742713568 -2.39590750181894 0.076462930439146
0.45616566281407 -2.26918465250441 0.0811744441173536
0.460600582914573 -2.1298605332436 0.0823840778343828
0.465035503015075 -2.00469830519852 0.085644495672254
0.469470423115578 -1.87383069618473 0.0865478517415558
0.47390534321608 -1.73619847741034 0.0848830622080443
0.478340263316583 -1.59053318004036 0.0857895726431975
0.482775183417085 -1.43486688983974 0.0853362982297309
0.487210103517588 -1.27893044819698 0.0846084194710205
0.49164502361809 -1.10315889023357 0.0797984655178191
0.496079943718593 -0.91919086018654 0.078258137667498
0.500514863819095 -0.732103718955984 0.079242829257967
0.504949783919598 -0.539522601123245 0.0797979715711204
0.5093847040201 -0.35106707067372 0.0801316820839685
0.513819624120603 -0.168851523931364 0.0812277623700776
0.518254544221106 0.00967899316419588 0.0802844485389013
0.522689464321608 0.179626492030016 0.0804217549550811
0.527124384422111 0.344691951475634 0.0785079831557874
0.531559304522613 0.491597054055101 0.0771420611239138
0.535994224623116 0.62578516818896 0.0783406881699395
0.540429144723618 0.730731774899396 0.0773341286634272
0.544864064824121 0.821887972276395 0.0769511547266707
0.549298984924623 0.886237081158989 0.0771243985299379
0.553733905025126 0.930655860352689 0.0778432984734454
0.558168825125628 0.951413045852698 0.0788195540367474
0.562603745226131 0.957783339702731 0.0816547779668217
0.567038665326633 0.945767608089974 0.0789388822703236
0.571473585427136 0.910534786381155 0.0754525757503134
0.575908505527638 0.86018448946301 0.0690842926327499
0.580343425628141 0.802909466263507 0.0680508349200687
0.584778345728643 0.748679550982317 0.0686860886418776
0.589213265829146 0.68076717241617 0.0638455450020903
0.593648185929648 0.60615323542631 0.0657338493620201
0.598083106030151 0.53154577596833 0.0648280577646661
0.602518026130653 0.456059616679467 0.0638900747420471
0.606952946231156 0.384106417471573 0.0668032540307662
0.611387866331658 0.310286192306376 0.0680512359761652
0.615822786432161 0.24282760007835 0.069101324014314
0.620257706532663 0.171494558796144 0.0664775120464941
0.624692626633166 0.108602929240792 0.0661615783535981
0.629127546733668 0.0450668502186767 0.0662752278853718
0.633562466834171 -0.0212518135574847 0.0647182026777602
0.637997386934673 -0.0847435189772263 0.0638432777446729
0.642432307035176 -0.138034515861779 0.0648984564919979
0.646867227135678 -0.192006478220362 0.0604939512880332
0.651302147236181 -0.237488134208625 0.0585285967822447
0.655737067336683 -0.283270008160147 0.0590186789966091
0.660171987437186 -0.320872535486037 0.0562623006996829
0.664606907537688 -0.352422529122317 0.0563530955209705
0.669041827638191 -0.374466089429396 0.0583969360314473
0.673476747738693 -0.389328281661447 0.057435846645719
0.677911667839196 -0.400947164272642 0.0571205529460049
0.682346587939698 -0.402937707738463 0.0554587069281926
0.686781508040201 -0.402635128149511 0.0549349858923959
0.691216428140704 -0.396159543639834 0.052435921506871
0.695651348241206 -0.378280531388995 0.0523756467124846
0.700086268341709 -0.350657698352734 0.0522932081689649
0.704521188442211 -0.321934863421472 0.0510836519667964
0.708956108542714 -0.289345106547102 0.0506278837128575
0.713391028643216 -0.256353386252224 0.0488423823592677
0.717825948743719 -0.2198202735108 0.0494312441471939
0.722260868844221 -0.176308910066754 0.0474504664059458
0.726695788944724 -0.137206537981141 0.0443069978624649
0.731130709045226 -0.092689131567415 0.0429611519355108
0.735565629145729 -0.0521401634178224 0.0427842828110859
0.740000549246231 -0.00324864063840548 0.0399554802303321
0.744435469346734 0.0301433130760657 0.0381200385636865
0.748870389447236 0.0627328173444106 0.0355486801086016
0.753305309547739 0.0955729579165646 0.0341599408148517
0.757740229648241 0.132367265323405 0.0302351440492972
0.762175149748744 0.163903484568427 0.032457213044784
0.766610069849246 0.188149165944508 0.0316586041204324
0.771044989949749 0.196893835261797 0.0326459714513252
0.775479910050251 0.212960416218964 0.0302618436214334
0.779914830150754 0.218659189138552 0.0272189655762148
0.784349750251256 0.220525719037344 0.0250206863666326
0.788784670351759 0.227089129827114 0.0238326114960604
0.793219590452261 0.220822462273385 0.0193508411652914
0.797654510552764 0.217739814450215 0.0178897014437318
0.802089430653266 0.207660995238289 0.0193839155425419
0.806524350753769 0.198475117726245 0.0190927141491925
0.810959270854271 0.185520763801156 0.0170166340210647
0.815394190954774 0.177274627463672 0.0182452919551203
0.819829111055276 0.168129374395084 0.0190188025652924
0.824264031155779 0.145347740136386 0.0189204183877642
0.828698951256281 0.13957162948031 0.019830389121936
0.833133871356784 0.121112954850903 0.0188253336097475
0.837568791457286 0.102625380026622 0.0185772284660851
0.842003711557789 0.0930743599896336 0.0191879872142024
0.846438631658291 0.0822036782077062 0.0195326082991517
0.850873551758794 0.0756142344947395 0.0219490498194349
0.855308471859296 0.0628338341289894 0.0225989294109745
0.859743391959799 0.0491465955420001 0.0221461362440593
0.864178312060301 0.0300997663820098 0.0220800419617761
0.868613232160804 0.0103832146628815 0.022256910053377
0.873048152261307 -0.00469890944482141 0.0229465803815854
0.877483072361809 -0.0110351104834847 0.0202770660422902
0.881917992462312 -0.0196370313987372 0.0173881913796495
0.886352912562814 -0.021055089276943 0.0165112286905944
0.890787832663317 -0.026018058467665 0.0148984361276624
0.895222752763819 -0.0221430126576782 0.0129771372002842
0.899657672864322 -0.0233914401731423 0.0114624486241491
0.904092592964824 -0.0257653478482601 0.0121011551242829
0.908527513065327 -0.0246248526090934 0.0116701619351284
0.912962433165829 -0.0249618386706121 0.0116939488867274
0.917397353266332 -0.0191902029071713 0.0110689794260705
0.921832273366834 -0.011665835603756 0.0100250800892095
0.926267193467337 -0.0128556227502923 0.00834472626796874
0.930702113567839 -0.0163968874479123 0.00877715096591808
0.935137033668342 -0.0171396139011146 0.0074391408625136
0.939571953768844 -0.00980610477958511 0.00718612343638336
0.944006873869347 -0.00511392259292141 0.00532729081177451
0.948441793969849 -0.00363492521007561 0.00508216407638813
0.952876714070352 0.00194380288930007 0.00511987060917901
0.957311634170854 0.00605557255283369 0.00823807755329194
0.961746554271357 0.0114062432091103 0.00973306184676393
0.966181474371859 0.0077109218178788 0.00809702403141848
0.970616394472362 0.00932357383512935 0.00983997549945703
0.975051314572864 0.0197148655409103 0.0125846027866096
0.979486234673367 0.0255787706830712 0.0119632447580826
0.983921154773869 0.0193636303956466 0.0139055986670183
0.988356074874372 0.0253668662064668 0.0114880612778493
0.992790994974874 0.0270451075026465 0.012716147933453
0.997225915075377 0.0218752684085965 0.0146454474888848
1.00166083517588 0.0252486191175724 0.0153735905117914
1.00609575527638 0.0251287557611972 0.0161805325083649
1.01053067537688 0.0249369648457953 0.013680468722097
1.01496559547739 0.0134657050727332 0.0153865684553721
1.01940051557789 0.0131198431339171 0.0192972836280995
1.02383543567839 0.0103142527770262 0.0221894491115871
1.02827035577889 0.0133605163644697 0.0235074973926606
1.0327052758794 0.0136824344608251 0.0237784643728832
1.0371401959799 0.0120694115624495 0.02494319291741
1.0415751160804 0.0164165301821921 0.0247609665768357
1.0460100361809 0.00922336118612256 0.0249653349827858
1.05044495628141 0.00750303672148915 0.0273376099486927
1.05487987638191 0.0116094809571117 0.0281294222594863
1.05931479648241 0.00467409605485079 0.0301293854894217
1.06374971658291 0.00451693017209064 0.0325472324256416
1.06818463668342 -0.000662642146799097 0.033804992007046
1.07261955678392 -0.00558933793013207 0.0348410366771775
1.07705447688442 -0.0171046089170624 0.033256299864609
1.08148939698492 -0.0257679655680855 0.0346348659840876
1.08592431708543 -0.0300931255281266 0.0311357768151766
1.09035923718593 -0.029383393314426 0.0305603886818531
1.09479415728643 -0.0257515752989231 0.029861297555272
1.09922907738693 -0.0172188251046168 0.0285084712602729
1.10366399748744 -0.0179537436169347 0.0271339296617437
1.10809891758794 -0.0190253767202649 0.0277658430769063
1.11253383768844 -0.0239366945466977 0.026208186979184
1.11696875778894 -0.031133551118533 0.0262106012770469
1.12140367788945 -0.0228349762229518 0.0265163492735847
1.12583859798995 -0.0185599930666244 0.0289387405483878
1.13027351809045 -0.0189387079632098 0.0300061375284313
1.13470843819095 -0.0306269483192683 0.0276025507543203
1.13914335829146 -0.0440484436533088 0.0282019004063441
1.14357827839196 -0.0476555060120174 0.0273892122112005
1.14801319849246 -0.0451458682046305 0.0268917769003908
1.15244811859296 -0.0436675039172054 0.0284759916431011
1.15688303869347 -0.0417195968258046 0.0306944083233308
1.16131795879397 -0.043517628940747 0.0301891076690681
1.16575287889447 -0.0546632144575689 0.0308203812564944
1.17018779899497 -0.0484407911716658 0.0325806316651437
1.17462271909548 -0.0583001681122341 0.0329622702758858
1.17905763919598 -0.0442842095713731 0.0332467443866954
1.18349255929648 -0.0224338038651719 0.029797481520906
1.18792747939698 -0.0156340700723826 0.0358233187910128
1.19236239949749 -0.0150894676269457 0.0426847663787718
1.19679731959799 -0.0253309118744877 0.0606448006415745
1.20123223969849 0.00327848588754344 0.0683973484331241
1.20566715979899 -0.0062288738783275 0.0630653633961485
1.2101020798995 -0.0663599652359154 0.0645607949288803
1.214537 -0.00300879340855104 0.0905242618455138
