0.27418 -3.35055757499849 0.0925623805301342
0.278901341708543 -5.87201133204022 0.108630952374025
0.283622683417085 -7.65250519107635 0.103255282681087
0.288344025125628 -8.80749861972121 0.103650389557435
0.293065366834171 -9.46220223521408 0.102864867343565
0.297786708542714 -9.71393804676141 0.103599703866043
0.302508050251256 -9.64246571319374 0.104364815435754
0.307229391959799 -9.32039811153871 0.104957898141249
0.311950733668342 -8.8016941052892 0.106198819835402
0.316672075376884 -8.17487483376388 0.107064484906217
0.321393417085427 -7.4778496676152 0.109661219218181
0.32611475879397 -6.75427474712066 0.110065460659126
0.330836100502513 -6.02847272885015 0.112320297490241
0.335557442211055 -5.3286473344008 0.114395279486533
0.340278783919598 -4.63603532869848 0.116843725288536
0.345000125628141 -3.96875708420113 0.116966025166775
0.349721467336683 -3.32809668293197 0.116606482099749
0.354442809045226 -2.71674042441675 0.115968684969079
0.359164150753769 -2.14830944228267 0.112932011716878
0.363885492462312 -1.61741563351704 0.112730533889086
0.368606834170854 -1.12034262186448 0.110894948703774
0.373328175879397 -0.654503480228584 0.108890008383251
0.37804951758794 -0.24501577074886 0.108550291288335
0.382770859296482 0.135281035285206 0.109912947829081
0.387492201005025 0.466508624704754 0.109331225055213
0.392213542713568 0.763342353563674 0.106434306613289
0.396934884422111 1.02951204313778 0.104159840883392
0.401656226130653 1.25611090233078 0.103166364249815
0.406377567839196 1.44801011258363 0.101111107413615
0.411098909547739 1.60749205355792 0.0986451119038037
0.415820251256281 1.75349413102968 0.0932036128906164
0.420541592964824 1.85036634981263 0.0900341887299188
0.425262934673367 1.91175464746325 0.0888634308289933
0.42998427638191 1.95350231439188 0.0852035781127357
0.434705618090452 1.97065144056782 0.0815276419734494
0.439426959798995 1.96204518564839 0.0787414125219296
0.444148301507538 1.93718202521297 0.0771544789624273
0.44886964321608 1.89434266765022 0.0744413557367943
0.453590984924623 1.82709176568803 0.0729549887078891
0.458312326633166 1.73089864286872 0.0718277341768178
0.463033668341709 1.61866845105091 0.0720230346091168
0.467755010050251 1.49527892714247 0.0713086114847687
0.472476351758794 1.36475216005509 0.0712118305932164
0.477197693467337 1.22326638851624 0.0715852393979646
0.481919035175879 1.06442238897246 0.0713106782164783
0.486640376884422 0.901925344419561 0.0737403263933138
0.491361718592965 0.740823891544157 0.0751430035632558
0.496083060301508 0.58612502731873 0.0749310567319731
0.50080440201005 0.419043671725346 0.0757213632640159
0.505525743718593 0.247032909405793 0.0770000667874409
0.510247085427136 0.0609577825660245 0.077632180055406
0.514968427135678 -0.129167487201511 0.0747159877212354
0.519689768844221 -0.320055871060827 0.0741893100380332
0.524411110552764 -0.512669445118895 0.0715889421816845
0.529132452261307 -0.708492486328517 0.0716388100277377
0.533853793969849 -0.909964077343974 0.0721597127892684
0.538575135678392 -1.08723585450395 0.073723348446472
0.543296477386935 -1.24979563816241 0.0748053614509299
0.548017819095477 -1.38834578355537 0.072502576327412
0.55273916080402 -1.4903971732409 0.0716622933273487
0.557460502512563 -1.56601261209849 0.0721348580911825
0.562181844221106 -1.60688066884817 0.0702065165884562
0.566903185929648 -1.60724062137554 0.0683527986024827
0.571624527638191 -1.56487379534466 0.0677257965775613
0.576345869346734 -1.47846336712817 0.0676359043400149
0.581067211055276 -1.37842658928192 0.0663201459511585
0.585788552763819 -1.25671276383169 0.0666121602650372
0.590509894472362 -1.12543847803817 0.0662146713591263
0.595231236180904 -0.991402845656563 0.0648703649774327
0.599952577889447 -0.85893001625725 0.0655957995878575
0.60467391959799 -0.727164035678723 0.0658936780783668
0.609395261306533 -0.600290509023225 0.0646711853116152
0.614116603015075 -0.490571063360051 0.0629256299974808
0.618837944723618 -0.389956613971212 0.057307388662102
0.623559286432161 -0.291582746623969 0.0543386935211417
0.628280628140704 -0.206420105520382 0.0529752285267218
0.633001969849246 -0.134795747497884 0.0484453491502995
0.637723311557789 -0.0779447224328009 0.0476103670918862
0.642444653266332 -0.0287114020882388 0.0481213543924846
0.647165994974874 0.00224118015982229 0.0496331669734812
0.651887336683417 0.0358617436074575 0.0501648347540268
0.65660867839196 0.0676620853213741 0.0477066577911886
0.661330020100503 0.0786584800642986 0.0510873142608703
0.666051361809045 0.0848307570904437 0.0521565966574989
0.670772703517588 0.0840974170396908 0.0537751434509324
0.675494045226131 0.0779580423655996 0.0556223301911498
0.680215386934673 0.0797388608115059 0.0532472712500534
0.684936728643216 0.0830155929419478 0.0494108098599679
0.689658070351759 0.0888442615255081 0.0475666455599444
0.694379412060302 0.0809013110892172 0.0448127189654654
0.699100753768844 0.0782649922903808 0.0451094442848359
0.703822095477387 0.081304500780357 0.0445395197929119
0.70854343718593 0.0748313213012451 0.0423922672404275
0.713264778894472 0.0774889623733985 0.0401856788447132
0.717986120603015 0.0786970243876149 0.0365426192744893
0.722707462311558 0.0731296907114872 0.037415380655383
0.7274288040201 0.0755934854203904 0.0361184496314636
0.732150145728643 0.0774231035982134 0.0336903107161523
0.736871487437186 0.0778127409349105 0.0327667071447087
0.741592829145729 0.0753844825584738 0.0312713291279159
0.746314170854271 0.0801861156547933 0.0290825987031716
0.751035512562814 0.0755996715487974 0.0303836938966945
0.755756854271357 0.0725003433007411 0.0297301288213385
0.760478195979899 0.0753334079463455 0.0306608412858043
0.765199537688442 0.0783145200896836 0.0337898508382308
0.769920879396985 0.0737805273513282 0.0319539494410114
0.774642221105528 0.0739722446527696 0.0281346620654112
0.77936356281407 0.0683063394099038 0.0293516983122663
0.784084904522613 0.0665106985155785 0.0322651717196488
0.788806246231156 0.0617908283200488 0.0349565655944998
0.793527587939698 0.0631307135098221 0.0352114018013273
0.798248929648241 0.0589462393528548 0.0336555491249089
0.802970271356784 0.0550670765617423 0.0336869224095148
0.807691613065327 0.0544010557702191 0.0355112519257567
0.812412954773869 0.0566347222740611 0.0370708380047933
0.817134296482412 0.06100599168665 0.0386565193535481
0.821855638190955 0.056012925328453 0.0375607434606671
0.826576979899498 0.067157800445363 0.0337543573189729
0.83129832160804 0.077412229356305 0.0289060293449374
0.836019663316583 0.0784780700223152 0.0273725583944276
0.840741005025126 0.0757135310198474 0.0247283380267067
0.845462346733668 0.0764403780525056 0.0242047438577667
0.850183688442211 0.0782999178879882 0.0234418626153339
0.854905030150754 0.0770866455945953 0.0218973310133991
0.859626371859296 0.0763648558970558 0.0234645941077289
0.864347713567839 0.0731765170677007 0.0196825954227973
0.869069055276382 0.0748958398974835 0.0188946201394361
0.873790396984925 0.0645585365739626 0.0200384972921716
0.878511738693467 0.060883435496368 0.0183648102249452
0.88323308040201 0.0474471385803259 0.016443704213654
0.887954422110553 0.0387096130912929 0.0192187489970754
0.892675763819095 0.0375659111803189 0.0162964440188981
0.897397105527638 0.0277718674787146 0.0143539171884686
0.902118447236181 0.0201862177591039 0.0130170621172396
0.906839788944724 0.0144301775205851 0.0129138480142737
0.911561130653266 0.00766156389538276 0.0105623653855459
0.916282472361809 0.00514857311708572 0.0118075231737796
0.921003814070352 0.0026641786892306 0.0100493925671707
0.925725155778894 0.000166855931773502 0.0119682034023315
0.930446497487437 -0.00792846264864691 0.012876157048871
0.93516783919598 -0.0123842451790186 0.0100960949669951
0.939889180904523 -0.0136596266687507 0.00820711879301773
0.944610522613065 -0.0120273444750426 0.00647644948599258
0.949331864321608 -0.0161513628045275 0.00627140960637312
0.954053206030151 -0.0178720319262703 0.00752492217380399
0.958774547738693 -0.0143076399150984 0.00645002667953365
0.963495889447236 -0.0172398873470469 0.00751663376757247
0.968217231155779 -0.0208973400098722 0.00903240908156078
0.972938572864322 -0.0126076307582269 0.0101660243044659
0.977659914572864 0.000172244540674241 0.0130141198096011
0.982381256281407 0.00791111819009162 0.0134764691465561
0.98710259798995 0.0170001471298776 0.0131734197308777
0.991823939698492 0.0288750430081413 0.0154745563628569
0.996545281407035 0.0387995654847904 0.016588023583515
1.00126662311558 0.0467794033240529 0.0170347401214533
1.00598796482412 0.053305051083519 0.0183974795472144
1.01070930653266 0.0587551409376085 0.0193193999342207
1.01543064824121 0.0688584915403831 0.0195708100053836
1.02015198994975 0.0851070231353181 0.0194646505868908
1.02487333165829 0.0991282651340596 0.0216608726596076
1.02959467336683 0.108539952626327 0.0194157933474838
1.03431601507538 0.114754535534392 0.0177211045769329
1.03903735678392 0.121537016310865 0.018484219854056
1.04375869849246 0.127396462656629 0.0202408798838784
1.04848004020101 0.127876537304297 0.0188342950059493
1.05320138190955 0.130019017519335 0.0201114939972472
1.05792272361809 0.140051147026006 0.0211159476681392
1.06264406532663 0.137401168201989 0.0197496827768675
1.06736540703518 0.13957572655615 0.0222365606887175
1.07208674874372 0.146504830577522 0.0278488022575245
1.07680809045226 0.141000764534274 0.0284919005617469
1.0815294321608 0.145026137395078 0.0283411606822818
1.08625077386935 0.154628908907787 0.0256919629104959
1.09097211557789 0.165224953066915 0.0256686515953957
1.09569345728643 0.171212783746697 0.0249159873903115
1.10041479899497 0.170722407612068 0.0263147294206961
1.10513614070352 0.170978695286434 0.0256772129547517
1.10985748241206 0.175158287386582 0.0286912573303219
1.1145788241206 0.178912848230941 0.0296582989640893
1.11930016582915 0.177877680380618 0.0333367399550904
1.12402150753769 0.189200468600704 0.0341211362546979
1.12874284924623 0.190587345137754 0.0368388866287549
1.13346419095477 0.192230537131648 0.0350184514290315
1.13818553266332 0.18679161385626 0.0352479086127567
1.14290687437186 0.186347688370351 0.0357992252115552
1.1476282160804 0.18076441612857 0.0362239379481906
1.15234955778894 0.18493185328578 0.0352319215831897
1.15707089949749 0.179227362180074 0.0356830030527285
1.16179224120603 0.17457183057565 0.0347197931155573
1.16651358291457 0.171865542791547 0.0342276449093453
1.17123492462312 0.15989897853585 0.0390220229949528
1.17595626633166 0.145879529445692 0.0383690852641226
1.1806776080402 0.147948247044155 0.0396654185696591
1.18539894974874 0.141929632144549 0.0431334347076574
1.19012029145729 0.126538859240118 0.0490811544009993
1.19484163316583 0.126802582414701 0.0529654059430315
1.19956297487437 0.151156785707693 0.0361278990152374
1.20428431658291 0.184372092558377 0.025108878966239
1.20900565829146 0.288960953090495 0.0551865597734248
1.213727 0.427537824283486 0.122632785330873
