0.2741045 -3.36067233765849 0.0787319833217388
0.278823663316583 -5.87463808159616 0.0603455111124821
0.283542826633166 -7.54563261650308 0.0570309079077907
0.288261989949749 -8.61577855871253 0.0543308658827981
0.292981153266332 -9.19299548975916 0.054412620691195
0.297700316582915 -9.3911375591123 0.054184227174998
0.302419479899497 -9.30027151648794 0.0550320279543372
0.30713864321608 -8.99829785343109 0.0557798573420261
0.311857806532663 -8.55177007759333 0.0556785480930864
0.316576969849246 -7.99997922012061 0.0551972151309791
0.321296133165829 -7.37472990125207 0.0553571921928856
0.326015296482412 -6.69808956123557 0.0551168008376225
0.330734459798995 -5.99817441242719 0.0557276489734749
0.335453623115578 -5.29442280032454 0.0577650163982659
0.340172786432161 -4.60146767458856 0.0614252218088165
0.344891949748744 -3.93993729667579 0.0635599366880609
0.349611113065327 -3.29406079390721 0.0633635594911368
0.35433027638191 -2.67727825387893 0.0611686928549529
0.359049439698492 -2.10235995865604 0.0596883418555043
0.363768603015075 -1.55146371666937 0.0590004777455493
0.368487766331658 -1.04229758400195 0.0592147857659796
0.373206929648241 -0.572732472351676 0.0580340859507249
0.377926092964824 -0.144839580718979 0.0589044868195036
0.382645256281407 0.241012134207446 0.0570154018956806
0.38736441959799 0.58411029289571 0.0566936656454889
0.392083582914573 0.899380882700024 0.057023839054708
0.396802746231156 1.16492242641954 0.0581741611640147
0.401521909547739 1.40103934265065 0.061200541302629
0.406241072864322 1.60884361380163 0.0608843670355884
0.410960236180904 1.77941423643505 0.0610154706131731
0.415679399497487 1.90945374634424 0.0606267012306963
0.42039856281407 2.02229618354786 0.0599145084236443
0.425117726130653 2.0882386400945 0.055098286356207
0.429836889447236 2.12652696538533 0.0525824770199441
0.434556052763819 2.14226652397572 0.0490537436589135
0.439275216080402 2.1164307376397 0.0457476017730836
0.443994379396985 2.07027492861496 0.0467070266910403
0.448713542713568 2.00364260366847 0.0441538980802538
0.453432706030151 1.91349853298632 0.0423374866782484
0.458151869346734 1.80861054361559 0.0441393763389455
0.462871032663317 1.69055964572413 0.0449924193212814
0.467590195979899 1.5515524902139 0.0447542598445802
0.472309359296482 1.39690035038638 0.0469661680443955
0.477028522613065 1.2363850960376 0.0473190852330207
0.481747685929648 1.06605766156509 0.0438126832725901
0.486466849246231 0.898065721601837 0.0399161085930117
0.491186012562814 0.73282854554534 0.0394979556930758
0.495905175879397 0.561486058651993 0.0396649201150432
0.50062433919598 0.380268642099683 0.0410994961287613
0.505343502512563 0.196095573781893 0.0400196052683511
0.510062665829146 0.0108064951138439 0.0394371392136248
0.514781829145729 -0.173579002944359 0.0389284991706443
0.519500992462312 -0.368446320992161 0.0391938853694189
0.524220155778894 -0.563589815585815 0.0399006219288325
0.528939319095477 -0.766219025450524 0.0432851514398739
0.53365848241206 -0.96521137342438 0.0446591551234093
0.538377645728643 -1.13823628380122 0.0451680720763267
0.543096809045226 -1.29030673333689 0.0462221142505873
0.547815972361809 -1.41687178943997 0.0465977554468105
0.552535135678392 -1.5066957250152 0.0465679957388854
0.557254298994975 -1.566525091578 0.0474594957420805
0.561973462311558 -1.57702971575132 0.0477316375625148
0.566692625628141 -1.55065822926664 0.0483425979505972
0.571411788944724 -1.49076336338975 0.0492906232911986
0.576130952261307 -1.40775380483153 0.0459456351903554
0.580850115577889 -1.30841026671727 0.046025159139083
0.585569278894472 -1.19414351642365 0.0457533221074005
0.590288442211055 -1.06125962869393 0.0441597984222404
0.595007605527638 -0.924271817394158 0.0445127117147221
0.599726768844221 -0.78296612216127 0.0434769748443238
0.604445932160804 -0.648498352700919 0.0404845989549293
0.609165095477387 -0.530545363864522 0.0396543697759564
0.61388425879397 -0.40901458200028 0.0384149636980401
0.618603422110553 -0.311024455942805 0.0402656561643277
0.623322585427136 -0.223277971407263 0.0421103486816034
0.628041748743719 -0.140669268896437 0.0436467453904939
0.632760912060301 -0.0887584696985185 0.0413454322697702
0.637480075376884 -0.0462130906869851 0.0413676406211139
0.642199238693467 -0.00686950660090716 0.0427915213548686
0.64691840201005 0.0357414734731178 0.0413685756088604
0.651637565326633 0.0664717148812051 0.0403878460092451
0.656356728643216 0.0896486471120691 0.0440169986388746
0.661075891959799 0.103165988646091 0.0476911055807466
0.665795055276382 0.100813035546525 0.0503639475686964
0.670514218592965 0.103669303537257 0.0480680753164696
0.675233381909548 0.107180418159208 0.0469190241991158
0.679952545226131 0.110609519729068 0.0447779140020864
0.684671708542714 0.114359970618173 0.0452909804285328
0.689390871859296 0.108861706022739 0.0436052355998723
0.694110035175879 0.10497995162715 0.0433917870612437
0.698829198492462 0.0953001313904699 0.0412705354390992
0.703548361809045 0.0973783964036012 0.0396168335753535
0.708267525125628 0.0995255871314506 0.0377587590364012
0.712986688442211 0.0950449906759625 0.0403688003736495
0.717705851758794 0.0914976819723883 0.0424449122377561
0.722425015075377 0.0802085265443389 0.0432391497174541
0.72714417839196 0.0757328914038573 0.0433274843572536
0.731863341708543 0.0682503981618813 0.0414979953647795
0.736582505025126 0.0572458560521569 0.038774737473334
0.741301668341709 0.0606252696072952 0.0354873154485076
0.746020831658291 0.0579327656925891 0.0374440986464677
0.750739994974874 0.0582764881650851 0.0357575383001875
0.755459158291457 0.0611188256103958 0.0343640057813324
0.76017832160804 0.0665285352494861 0.0333366106059796
0.764897484924623 0.0604545348898491 0.03177433270671
0.769616648241206 0.0601619324198263 0.0323228547156564
0.774335811557789 0.0689335850976873 0.0327130811680288
0.779054974874372 0.0679823090250421 0.0327075952394218
0.783774138190955 0.0684048687415374 0.0318150566090845
0.788493301507538 0.0763776123276686 0.034507056180784
0.793212464824121 0.0795582671715387 0.0364949645036241
0.797931628140704 0.082249041023466 0.0385655218751831
0.802650791457286 0.0790694663693227 0.0397534820076919
0.807369954773869 0.0758860540573898 0.0393043925232845
0.812089118090452 0.0818449690950555 0.0390424169379055
0.816808281407035 0.0836857699670836 0.0389280343372039
0.821527444723618 0.0807579363054597 0.0374139417684492
0.826246608040201 0.0826466057026786 0.0358432495395286
0.830965771356784 0.0861017406408898 0.0348442867686979
0.835684934673367 0.0929008821931468 0.0345384854581035
0.84040409798995 0.0936969409036429 0.0356995975376144
0.845123261306533 0.0922649196137112 0.0347101908685009
0.849842424623116 0.0895953260437977 0.0340692895125054
0.854561587939698 0.0896347864664985 0.0297264923585392
0.859280751256281 0.085582694278676 0.0284342091142813
0.863999914572864 0.0758889798101297 0.0279830222321774
0.868719077889447 0.0640193257670319 0.0283808432989396
0.87343824120603 0.0525057341384579 0.0265028767249022
0.878157404522613 0.0430352999611664 0.0246959858311255
0.882876567839196 0.0415476990565389 0.0242516768130993
0.887595731155779 0.0414102411739997 0.0213124126376515
0.892314894472362 0.032671763055762 0.01798567783235
0.897034057788945 0.0276678344211014 0.0153828528563951
0.901753221105528 0.021965598875847 0.014436787000257
0.906472384422111 0.0147201437440349 0.0143591057842255
0.911191547738693 0.00917082342902009 0.015415251806957
0.915910711055276 0.00851757562934989 0.014450729793243
0.920629874371859 0.0040551928852248 0.0130243717558713
0.925349037688442 0.00231783713420149 0.0118834392976194
0.930068201005025 -0.00693167435554245 0.0120928292045102
0.934787364321608 -0.00845369947748084 0.0120098358575745
0.939506527638191 -0.00826128115762683 0.00846328264431092
0.944225690954774 -0.00960293132451922 0.00727566793430776
0.948944854271357 -0.00992686680496847 0.00640821801988842
0.95366401758794 -0.0184789900995237 0.00569958331113586
0.958383180904523 -0.0185761126146629 0.00700542270273483
0.963102344221106 -0.0123040420727591 0.00945155432836915
0.967821507537688 -0.0106426678280868 0.00972988075389098
0.972540670854271 -0.00186325970020597 0.0119358666051474
0.977259834170854 -0.00211556425574474 0.0152631237408856
0.981978997487437 0.00337962926003981 0.0172978720203856
0.98669816080402 0.0100050627283008 0.0179582277985589
0.991417324120603 0.0102608872837873 0.019988976591112
0.996136487437186 0.0112801405860118 0.0199322260796807
1.00085565075377 0.0129844603584991 0.0172134264082203
1.00557481407035 0.0218439983931953 0.0160390089579233
1.01029397738693 0.0289852515499412 0.0156156981892325
1.01501314070352 0.0369561001934452 0.0184585339911089
1.0197323040201 0.046497903499459 0.0209067874200041
1.02445146733668 0.0576282007854186 0.0214980514790561
1.02917063065327 0.0735172152219499 0.0217045755188265
1.03388979396985 0.0768004258417018 0.0186794721427095
1.03860895728643 0.0788881738771948 0.0170145687070971
1.04332812060301 0.0893672944610161 0.017735180147583
1.0480472839196 0.0952162135254988 0.0183706700540065
1.05276644723618 0.0978972418065122 0.0180035039548295
1.05748561055276 0.10947797822628 0.0183223164847426
1.06220477386935 0.114015515125813 0.0190411244222752
1.06692393718593 0.127083884884093 0.021594339354176
1.07164310050251 0.14030099861616 0.0213178315190446
1.0763622638191 0.150031932464955 0.0216608987902959
1.08108142713568 0.161950026360552 0.0205954380696137
1.08580059045226 0.174645252154032 0.0233721701889837
1.09051975376884 0.172357149157805 0.0271932484405713
1.09523891708543 0.174447873497188 0.027167927104995
1.09995808040201 0.181605008793933 0.0285654455703248
1.10467724371859 0.180911853135913 0.0292233939910347
1.10939640703518 0.178981801468749 0.0338510999857008
1.11411557035176 0.186134797584795 0.0352143431951885
1.11883473366834 0.191305365247685 0.0345450926970938
1.12355389698492 0.197257184352204 0.0359260884427569
1.12827306030151 0.199611145882576 0.0381226067558134
1.13299222361809 0.198919359924105 0.035815019559064
1.13771138693467 0.202725366071698 0.0349604446530966
1.14243055025126 0.201920578723682 0.0366069708698948
1.14714971356784 0.191230171093548 0.0369676052816287
1.15186887688442 0.179116233318257 0.0368482134662216
1.156588040201 0.170156510550327 0.0383669083923468
1.16130720351759 0.153601155549627 0.0419042997291417
1.16602636683417 0.147047611320966 0.0403686455287702
1.17074553015075 0.138940732357654 0.0405471717654226
1.17546469346734 0.133613405132834 0.0447321787849563
1.18018385678392 0.126612845040321 0.0501880806388354
1.1849030201005 0.106140507360104 0.0508983418363853
1.18962218341709 0.0979546972165537 0.0580908162938999
1.19434134673367 0.0725718040154058 0.0597209213703986
1.19906051005025 0.0432008434191348 0.051391651625135
1.20377967336683 0.0660954879137219 0.0701151155504531
1.20849883668342 0.0680376932460766 0.103918888357797
1.213218 0.131108412173322 0.117246937932222
