0.3339002 7.90022898178832 0.177648349853057
0.338333525628141 7.01428755014996 0.140084072388767
0.342766851256281 6.07125452324634 0.0984416165811363
0.347200176884422 5.1668804372345 0.0741625272144964
0.351633502512563 4.31694622268196 0.0630300541069719
0.356066828140704 3.48564023615085 0.0644770946287451
0.360500153768844 2.69720770136191 0.0675353278755752
0.364933479396985 1.95304607665814 0.0719069483283502
0.369366805025126 1.2607155784809 0.0699730802771565
0.373800130653266 0.613585721834945 0.0671906778389527
0.378233456281407 0.0228982731078224 0.0673007027010423
0.382666781909548 -0.525010119114497 0.0676930620152291
0.387100107537688 -1.01481480736883 0.069078105102848
0.391533433165829 -1.44605384756201 0.07105665948619
0.39596675879397 -1.82122146213102 0.0739214427892049
0.400400084422111 -2.14396545400609 0.0763887715485529
0.404833410050251 -2.41166988283018 0.078049301839369
0.409266735678392 -2.61825329310987 0.0787831360377452
0.413700061306533 -2.76116475391745 0.0774924606734301
0.418133386934673 -2.85582208562563 0.0769497130363584
0.422566712562814 -2.89641914154799 0.0793722933119616
0.427000038190955 -2.89019610104175 0.0791569526421454
0.431433363819095 -2.84163331614952 0.0793789777937033
0.435866689447236 -2.75950541173176 0.0786145776050927
0.440300015075377 -2.66609405997664 0.0758820422499759
0.444733340703518 -2.5464633639549 0.073070204588806
0.449166666331658 -2.43295847791769 0.0694889065756983
0.453599991959799 -2.30971011912932 0.0648046643178862
0.45803331758794 -2.19217082376684 0.0615869359584871
0.46246664321608 -2.07877715733543 0.0584667418448409
0.466899968844221 -1.95947135347634 0.0575095189002812
0.471333294472362 -1.85097075883411 0.0529124351097356
0.475766620100503 -1.72494075208038 0.0522809756965673
0.480199945728643 -1.59724712706571 0.050911888628589
0.484633271356784 -1.45690408730483 0.050047167314753
0.489066596984925 -1.30302854237871 0.0491592650574048
0.493499922613065 -1.13404255625642 0.0509545290509876
0.497933248241206 -0.956781189982705 0.053879269338862
0.502366573869347 -0.779682631420569 0.0575754740468261
0.506799899497487 -0.598961579410367 0.0602208866522216
0.511233225125628 -0.417300315798539 0.0617013576683636
0.515666550753769 -0.227209388407666 0.063106999108008
0.52009987638191 -0.0387844821626628 0.0626428759949316
0.52453320201005 0.141023802059477 0.061208076222237
0.528966527638191 0.306556359367796 0.0589097870780649
0.533399853266332 0.45247542147278 0.0559548906521573
0.537833178894472 0.578315204689195 0.0525709953157642
0.542266504522613 0.683423315898926 0.0505285895202643
0.546699830150754 0.762894913769174 0.0472274800536735
0.551133155778894 0.820994689867934 0.0445996960325802
0.555566481407035 0.854028122918144 0.0418381892802194
0.559999807035176 0.863538294839644 0.0436812068043341
0.564433132663317 0.86000574030374 0.0444245223699853
0.568866458291457 0.83240988401796 0.0467495629516442
0.573299783919598 0.79516141108527 0.0446451289771833
0.577733109547739 0.75903192005261 0.0443671642420634
0.582166435175879 0.722191780909956 0.0447189304621214
0.58659976080402 0.665724754958369 0.0506013685500028
0.591033086432161 0.604475216432527 0.0543115306267063
0.595466412060301 0.537337746441631 0.05276576101141
0.599899737688442 0.472973637709408 0.052551489235631
0.604333063316583 0.407819499455353 0.0506481044518654
0.608766388944724 0.34093724279758 0.0471331599674127
0.613199714572864 0.279430703215301 0.0471316102502589
0.617633040201005 0.223153520988944 0.0478515890979553
0.622066365829146 0.16734038643934 0.0483547898001449
0.626499691457286 0.107612340781897 0.0499058324776097
0.630933017085427 0.0463862484347773 0.0503929273897584
0.635366342713568 -0.00956977666277848 0.0518235976744148
0.639799668341709 -0.0568773200324884 0.0543362727124189
0.644232993969849 -0.107899477454248 0.0550833832187199
0.64866631959799 -0.142215236913927 0.0577106625870138
0.653099645226131 -0.175080505296746 0.0587440064989592
0.657532970854271 -0.214287114294062 0.0599287979100589
0.661966296482412 -0.248584535771777 0.0598350428601022
0.666399622110553 -0.27827644670446 0.0572001558864883
0.670832947738693 -0.294803333490846 0.0552221505430568
0.675266273366834 -0.306881439071249 0.0534673427999088
0.679699598994975 -0.31802426791622 0.0533060363109266
0.684132924623116 -0.317857562650911 0.0557104976482371
0.688566250251256 -0.325931406880343 0.0534556852557517
0.692999575879397 -0.317569294057966 0.0525969335367891
0.697432901507538 -0.303217964744796 0.0504147940777618
0.701866227135678 -0.281095594156451 0.0495500753066198
0.706299552763819 -0.256080285517963 0.049363185104567
0.71073287839196 -0.22609964568146 0.0469571062262172
0.715166204020101 -0.203680745991279 0.0469440278164231
0.719599529648241 -0.178492580608541 0.0462758660992676
0.724032855276382 -0.147185319435597 0.0453466019534041
0.728466180904523 -0.111815382897088 0.044093949841498
0.732899506532663 -0.0786575691155227 0.0442485181550507
0.737332832160804 -0.0363782582616706 0.0434348929646709
0.741766157788945 0.00381915179991255 0.0420098663396624
0.746199483417085 0.0348487840050966 0.0420200949778078
0.750632809045226 0.0571510549597173 0.040139350652683
0.755066134673367 0.0873470719611176 0.0416859176625308
0.759499460301508 0.110603214520008 0.0403778793867307
0.763932785929648 0.125849869626448 0.0399091080238036
0.768366111557789 0.144839148920377 0.0383953703005907
0.77279943718593 0.160169213445084 0.0390799722200212
0.77723276281407 0.165570668355527 0.0401032040572658
0.781666088442211 0.180646494451216 0.0398259337135786
0.786099414070352 0.194542986009533 0.0391415075426227
0.790532739698492 0.195030301231431 0.0385952231930704
0.794966065326633 0.200735827920642 0.0351814121179746
0.799399390954774 0.201681803770603 0.0326637708304172
0.803832716582915 0.194154126136496 0.0319703603479266
0.808266042211055 0.18172625408845 0.0312386336438903
0.812699367839196 0.168772671017475 0.0300385961349926
0.817132693467337 0.151505882644801 0.0292603800516596
0.821566019095477 0.144347460507104 0.0290871816073701
0.825999344723618 0.127278594736784 0.0290241668905622
0.830432670351759 0.110409190147288 0.0286262680614405
0.8348659959799 0.0972317110244111 0.0287162117312719
0.83929932160804 0.0882362154796733 0.0261419693420291
0.843732647236181 0.08031518246201 0.0221324070353986
0.848165972864322 0.0649326920566249 0.0199074632950566
0.852599298492462 0.0540424501684694 0.0219697521163453
0.857032624120603 0.0356814559028946 0.0214410729438458
0.861465949748744 0.00902572561064243 0.0218334415680027
0.865899275376884 2.2097738761497e-05 0.0213386024972696
0.870332601005025 -0.00666195775783604 0.0244668139088804
0.874765926633166 -0.0195714507777573 0.0260984436384912
0.879199252261307 -0.00897538659878789 0.0252626985588777
0.883632577889447 -0.0155114539895748 0.0228745498103664
0.888065903517588 -0.0182806577818517 0.0230318273155444
0.892499229145729 -0.0223573434868718 0.0205261567807726
0.896932554773869 -0.0329540848950336 0.019101334546641
0.90136588040201 -0.0288634994351842 0.018844760289531
0.905799206030151 -0.0346234460837778 0.018244891045655
0.910232531658291 -0.0358492167267406 0.0177528004333035
0.914665857286432 -0.0385321690130414 0.015430706182227
0.919099182914573 -0.0394059496495533 0.0121704556119442
0.923532508542714 -0.0481110678461354 0.0122789805167443
0.927965834170854 -0.0472103150626283 0.00997497308403741
0.932399159798995 -0.0461195122663031 0.00955164649682974
0.936832485427136 -0.0399295238974396 0.00842232480414023
0.941265811055276 -0.0285955554889868 0.00880395665450183
0.945699136683417 -0.0212046787567567 0.00769207425643901
0.950132462311558 -0.00710138656218999 0.00735429623294955
0.954565787939698 -0.00195805483189165 0.00603320463397187
0.958999113567839 0.0068566404150775 0.00733011874627019
0.96343243919598 0.0126111734984987 0.00935794559707434
0.967865764824121 0.0241875715215253 0.0100570309670175
0.972299090452261 0.0409182704508844 0.0114151441339361
0.976732416080402 0.0485012138544669 0.01277917003447
0.981165741708543 0.0456138131892522 0.0123489674261885
0.985599067336683 0.0512425471529467 0.0118456762650338
0.990032392964824 0.0637636750074687 0.0131320810362706
0.994465718592965 0.0709541381950963 0.0168868413019664
0.998899044221106 0.0712981778517425 0.0178791816055375
1.00333236984925 0.0726655163049508 0.021696662231223
1.00776569547739 0.0785833838560493 0.0248717081071335
1.01219902110553 0.0773860087192865 0.0274217157367509
1.01663234673367 0.0775115433397347 0.0276681079564886
1.02106567236181 0.0748292365903281 0.027729817156075
1.02549899798995 0.0744850749144174 0.0292383335048669
1.02993232361809 0.0746154291607729 0.031537626337449
1.03436564924623 0.07016870948714 0.0318379234957913
1.03879897487437 0.0699054892006659 0.0313154511585885
1.04323230050251 0.0621894229987015 0.0303445580338374
1.04766562613065 0.0579596081248508 0.0318866377906914
1.05209895175879 0.053114819146167 0.0334028737275342
1.05653227738693 0.0512702315026414 0.0374260992718371
1.06096560301508 0.0426752039657723 0.0391778162519579
1.06539892864322 0.0370728935386075 0.0416277900368162
1.06983225427136 0.0408784816282804 0.0448403376414981
1.0742655798995 0.0350792262926731 0.0441873992816789
1.07869890552764 0.0323065052601152 0.0430871963360446
1.08313223115578 0.0391851186667894 0.0437680782685738
1.08756555678392 0.0356980676185269 0.0449999003037643
1.09199888241206 0.0292350796130844 0.0465028728981332
1.0964322080402 0.0242696156822388 0.0478502891873758
1.10086553366834 0.0269769215142366 0.0486383524485896
1.10529885929648 0.0317547366484306 0.0473508759105598
1.10973218492462 0.0385948506650598 0.0462989866601749
1.11416551055276 0.0380587509649878 0.0463933218597604
1.1185988361809 0.0374410935963615 0.0460704235453261
1.12303216180905 0.0387058939185292 0.0472716921109782
1.12746548743719 0.0470329701716032 0.0459229575303635
1.13189881306533 0.0437964105070138 0.0459766161368987
1.13633213869347 0.0429684111425024 0.0444223742698209
1.14076546432161 0.0397063782003965 0.0430669569010473
1.14519878994975 0.0413631002091205 0.0427486837337417
1.14963211557789 0.0480682044776213 0.0429108091960759
1.15406544120603 0.0515233689439985 0.040381208823451
1.15849876683417 0.0538544878309608 0.0402463811105859
1.16293209246231 0.0590755065529725 0.0401221742274868
1.16736541809045 0.0579652087855612 0.0390041011362094
1.17179874371859 0.054155278700081 0.0389818977677978
1.17623206934673 0.0578245558724107 0.038639698389047
1.18066539497487 0.0595186206541072 0.0423982217657243
1.18509872060302 0.0482573314561467 0.0455297483050415
1.18953204623116 0.03532394465205 0.0441469581581247
1.1939653718593 0.0216427159273219 0.0428262890804104
1.19839869748744 0.0341077129805656 0.0411356485889301
1.20283202311558 -0.00478954183796978 0.0615747612972667
1.20726534874372 0.00266650551911006 0.0847562668439969
1.21169867437186 -0.0267469818184654 0.108209958001846
1.216132 -0.0429133974915371 0.210125393092019
